100
20
00000011011011111011
01001001010110101011
11010111000011100000
01111010001100011001
00010100000001100100
00011111000100111001
10111110110000100001
00101110111100010010
01110111000000111010
11100110100111110001
01110110100100111111
01111101011000110010
10010110000101101110
00100011101000000101
11000000010011001011
01011000001100100110
11001101100000011011
00000011100001010000
00111111100011011011
11111101111000000111
11110010100000111101
11110100101100100010
00111110100101101011
10001100000000110111
10100100010100001101
11101011110111110011
10000101111000100000
00100011010010001110
01011111001100101100
00010101001101111100
01010101001101110110
00010111000000100000
01011011101110001000
01101001101010000010
11101010000000110000
00111010110100011110
10000010111000110101
01010000100110010111
11110101101001100010
00010101110001100000
00011010011100000101
11010001100000000101
01010101111000101001
00001101011000011100
11000100101101100011
10000100110101111001
01001101100100000000
00000100000011100110
10011111110000010011
11001110010110101111
01011011110101011011
11100110101000101011
01100000000001011100
11011010001110000011
10101111101101010101
10111010100100000101
10111001001001000110
00111011011100101001
01010000010001010110
00010100111110110001
00010001100101100101
10111000101011000011
00010110010101011010
00011001100110101011
11000001100010011100
01100011011010001001
10101010110010110010
10110111010101111100
00011101011010001110
00100001011011001110
10110001011110100000
10001010010001110010
11101110010010101111
00101101100101010001
00000011110101001110
10101000111001101111
10110110010000101110
10101000000010110100
01010111101110110001
00110110111111100001
10100100010000011111
10101001011010100000
01000000111010100110
01101100111100101001
10111110011111011100
10010011010010111011
11001010110011110111
00110001111101100010
11000111110001010110
00001101010111011100
11001011110110111000
10110101110110101110
11010010000011110000
11110101100111010001
00101010000101100010
00011001010110101110
11111101011011100001
01000011111110110000
01101000100110010100
01111011000000111100
