0.018710763292949205
0.018528163995768135
0.02305217467851385
0.027262126229615633
0.014529289826711292
0.015105057534298482
0.024270044803734278
0.030133912016551377
0.016490803090921883
0.02921567139780873
0.02152212425664004
0.045537180871109674
0.01509117147726379
0.028069464951927282
0.026703739096450747
0.05931850509706839
0.02817013880058755
0.026766951820738703
0.03266750331945837
0.03707087315191787
0.03198815060835233
0.03191068873606208
0.05029466074013275
0.059920560858704536
0.016794563936015257
0.02855037691743165
0.020630921202911604
0.04188597946509132
0.02247486764148628
0.04011228221272565
0.03743284404592494
0.07978844392512614
