4.953524273187163377e-04
8.705612781978302800e-04
1.153961710184624222e-03
1.366416177223922241e-03
1.523581890786765295e-03
1.637388475064290895e-03
1.717036605892932307e-03
1.769693078816392349e-03
1.800986379426465153e-03
1.815367129922152269e-03
1.816374668526130878e-03
1.806837013860383267e-03
1.789022686914297500e-03
1.764757193389101218e-03
1.735513211634818987e-03
1.702480984259705128e-03
1.666623650352174781e-03
1.628721016145148878e-03
1.589404376598687989e-03
1.549184359049207357e-03
1.508473289805705234e-03
1.467603235917303104e-03
1.426840613285749191e-03
1.386398055066237001e-03
1.346444084076032621e-03
1.307111017647234058e-03
1.268501444286663886e-03
1.230693542250354796e-03
1.193745455974210392e-03
1.157698903718453560e-03
1.122582156127227256e-03
1.088412498689903148e-03
1.055198269786783872e-03
1.022940548947033190e-03
9.916345562432495129e-04
9.612708126907651245e-04
9.318361025791856113e-04
9.033142714009324403e-04
8.756868871335609251e-04
8.489337878052286707e-04
8.230335343255003279e-04
7.979637843212002753e-04
7.737016000533161828e-04
7.502237012933336835e-04
7.275066722231452549e-04
7.055271299209193558e-04
6.842618607510173642e-04
6.636879299411534237e-04
6.437827687704086302e-04
6.245242430743052579e-04
6.058907061764536722e-04
5.878610388542640595e-04
5.704146785305040180e-04
5.535316395305422488e-04
5.371925259521427619e-04
5.213785384475849889e-04
5.060714760115170687e-04
4.912537336920843895e-04
4.769082969979372656e-04
4.630187336486359735e-04
4.495691832124316945e-04
4.365443450873674001e-04
4.239294652073448953e-04
4.117103217922826264e-04
3.998732104082730783e-04
3.884049285594425699e-04
3.772927599947274615e-04
3.665244588819173985e-04
3.560882339729425929e-04
3.459727328633511686e-04
3.361670264277865630e-04
3.266605934989734298e-04
3.174433058424621311e-04
3.085054134691403698e-04
2.998375303169486215e-04
2.914306203256132165e-04
2.832759839215327237e-04
2.753652449238132359e-04
2.676903378780870610e-04
2.602434958210227025e-04
2.530172384746012522e-04
2.460043608673428690e-04
2.391979223768778595e-04
2.325912361869727130e-04
2.261778591505491927e-04
2.199515820492702132e-04
2.139064202391096053e-04
2.080366046713407607e-04
2.023365732772348013e-04
1.968009627049933463e-04
1.914246003970874771e-04
1.862024969959425597e-04
1.811298390663543267e-04
1.762019821226483874e-04
1.714144439490383070e-04
1.667628982019409250e-04
1.622431682826662425e-04
1.578512214700047468e-04
1.535831633017752291e-04
1.494352321951570987e-04
