4.953524273187163377e-04
8.966801174991723524e-04
1.222468902529643461e-03
1.486913184351394039e-03
1.701104039146588906e-03
1.873833100946679280e-03
2.012153197772173670e-03
2.121779600465277180e-03
2.207383637367998051e-03
2.272811680896098634e-03
2.321251182636158237e-03
2.355358370134439695e-03
2.377357688789921882e-03
2.389120092364921920e-03
2.392225279659673885e-03
2.388011596196235389e-03
2.377616354238507815e-03
2.362008636764569968e-03
2.342016153599612346e-03
2.318347353138046699e-03
2.291609722169716395e-03
2.262325002812152781e-03
2.230941901061414892e-03
2.197846743080169706e-03
2.163372443804636048e-03
2.127806081115986639e-03
2.091395312808677631e-03
2.054353829306417023e-03
2.016865999846072753e-03
1.979090841652498753e-03
1.941165418934276497e-03
1.903207760176665615e-03
1.865319367283344628e-03
1.827587377937673219e-03
1.790086432561743563e-03
1.752880289023591581e-03
1.716023221445175679e-03
1.679561233822831961e-03
1.643533114476839439e-03
1.607971353427253532e-03
1.572902941508927616e-03
1.538350067280535270e-03
1.504330725458100614e-03
1.470859248640200368e-03
1.437946772431286093e-03
1.405601642655394425e-03
1.373829772155842109e-03
1.342634953648724977e-03
1.312019134226267677e-03
1.281982656354842959e-03
1.252524469571210776e-03
1.223642316527203582e-03
1.195332896558084189e-03
1.167592009539455012e-03
1.140414682443228848e-03
1.113795280697170475e-03
1.087727606185853171e-03
1.062204983501928521e-03
1.037220335855117094e-03
1.012766251873311934e-03
9.888350443775066351e-04
9.654188020808711270e-04
9.425094350467616480e-04
9.200987146386778231e-04
8.981783086086244598e-04
8.767398118914459691e-04
8.557747736061875827e-04
8.352747207055350722e-04
8.152311786624777444e-04
7.956356895378107960e-04
7.764798277312948051e-04
7.577552136845277933e-04
7.394535257718883167e-04
7.215665105888136163e-04
7.040859918223428071e-04
6.870038778674826411e-04
6.703121683342161971e-04
6.540029595733994625e-04
6.380684493348443877e-04
6.225009406582069325e-04
6.072928450859437681e-04
5.924366852767564600e-04
5.779250970899911782e-04
5.637508312027177809e-04
5.499067543144620920e-04
5.363858499884730608e-04
5.231812191727585595e-04
5.102860804392064971e-04
4.976937699747678709e-04
4.853977413550816951e-04
4.733915651272269510e-04
4.616689282253924219e-04
4.502236332405796311e-04
4.390495975631794980e-04
4.281408524148719004e-04
4.174915417847926795e-04
4.070959212829462575e-04
3.969483569226206856e-04
3.870433238420013388e-04
3.773754049742239123e-04
