6.926775599356537090e-03
1.376677259843438021e-02
2.051508809658730143e-02
2.716765972581831889e-02
3.372117637796426953e-02
4.017299721895798564e-02
4.652107833772647222e-02
5.276390639594117499e-02
5.890043867520178278e-02
6.493004895488731221e-02
7.085247869357787220e-02
7.666779302736653756e-02
8.237634113797527580e-02
8.797872058173718257e-02
9.347574520627791039e-02
9.886841631537714170e-02
1.041578967734033828e-01
1.093454877692982830e-01
1.144326079860686768e-01
1.194207749456840245e-01
1.243115883208929379e-01
1.291067150250012063e-01
1.338078759087474867e-01
1.384168339092433919e-01
1.429353835108747861e-01
1.473653413911206744e-01
1.517085381360872842e-01
1.559668109218322607e-01
1.601419970667604664e-01
1.642359283697342187e-01
1.682504261562860481e-01
1.721872969626852545e-01
1.760483287941017605e-01
1.798352878993420834e-01
1.835499160095111215e-01
1.871939279934788647e-01
1.907690098869957995e-01
1.942768172564989237e-01
1.977189738624011150e-01
2.010970705897963673e-01
2.044126646176375461e-01
2.076672788001763525e-01
2.108624012369172407e-01
2.139994850095657819e-01
2.170799480665886183e-01
2.201051732378404291e-01
2.230765083633135804e-01
2.259952665217522527e-01
2.288627263462219008e-01
2.316801324149044272e-01
2.344486957067497823e-01
2.371695941124550011e-01
2.398439729922825780e-01
2.424729457732522631e-01
2.450575945786441223e-01
2.475989708839891335e-01
2.500980961938031322e-01
2.525559627344514113e-01
2.549735341586476522e-01
2.573517462578119308e-01
2.596915076789146903e-01
2.619937006426699133e-01
2.642591816605644461e-01
2.664887822484389157e-01
2.686833096343175797e-01
2.708435474590990544e-01
2.729702564682654486e-01
2.750641751935744006e-01
2.771260206233920886e-01
2.791564888608397133e-01
2.811562557689802899e-01
2.831259776024224739e-01
2.850662916246852752e-01
2.869778167111595168e-01
2.888611539371215287e-01
2.907168871507079255e-01
2.925455835308287678e-01
2.943477941296186451e-01
2.961240543998332475e-01
2.978748847068961036e-01
2.996007908260046593e-01
3.013022644240453407e-01
3.029797835269386064e-01
3.046338129722488963e-01
3.062648048476347418e-01
3.078731989149047221e-01
3.094594230205944263e-01
3.110238934927382348e-01
3.125670155246041415e-01
3.140891835453646364e-01
3.155907815783458581e-01
3.170721835867663652e-01
3.185337538077880337e-01
3.199758470747801065e-01
3.213988091283578319e-01
3.228029769164854068e-01
3.241886788839484779e-01
3.255562352515565250e-01
3.269059582852561485e-01
3.282381525558249469e-01
