6.926775599356537090e-03
1.350721241874521840e-02
1.976283685799187784e-02
2.571367427560151270e-02
3.137836328631567195e-02
3.677426045225026807e-02
4.191753629095341938e-02
4.682326341715059570e-02
5.150549754371151756e-02
5.597735198873315249e-02
6.025106626739172577e-02
6.433806928770859079e-02
6.824903761719840201e-02
7.199394924143279195e-02
7.558213319496602522e-02
7.902231540902615592e-02
8.232266108835302465e-02
8.549081390091120558e-02
8.853393223860578365e-02
9.145872278422506607e-02
9.427147159902798945e-02
9.697807292688934155e-02
9.958405589412772096e-02
1.020946092687579493e-01
1.045146044294048837e-01
1.068486166813635702e-01
1.091009450461495334e-01
1.112756306403791251e-01
1.133764737505469494e-01
1.154070497016267544e-01
1.173707236096307033e-01
1.192706641010343183e-01
1.211098560755541481e-01
1.228911125826570028e-01
1.246170858767840922e-01
1.262902777111933050e-01
1.279130489257547243e-01
1.294876283797041228e-01
1.310161212766366989e-01
1.325005169252812531e-01
1.339426959763742597e-01
1.353444371729671802e-01
1.367074236486192362e-01
1.380332488054656082e-01
1.393234218016987935e-01
1.405793726758515494e-01
1.418024571332871520e-01
1.429939610183871002e-01
1.441551044942356030e-01
1.452870459501155731e-01
1.463908856553781390e-01
1.474676691773183779e-01
1.485183905790511405e-01
1.495439954124561099e-01
1.505453835200842305e-01
1.515234116590306601e-01
1.524788959586627635e-01
1.534126142235661683e-01
1.543253080918658982e-01
1.552176850588126156e-01
1.560904203744086227e-01
1.569441588235717944e-01
1.577795163965258762e-01
1.585970818566865281e-01
1.593974182128184702e-01
1.601810641015863068e-01
1.609485350865403896e-01
1.617003248788474179e-01
1.624369064848059929e-01
1.631587332849776806e-01
1.638662400493165749e-01
1.645598438922969975e-01
1.652399451719779588e-01
1.659069283365317282e-01
1.665611627215739521e-01
1.672030033013885697e-01
1.678327913969890062e-01
1.684508553436533107e-01
1.690575111205495085e-01
1.696530629447020599e-01
1.702378038316568754e-01
1.708120161247382029e-01
1.713759719949467519e-01
1.719299339132438487e-01
1.724741550969061121e-01
1.730088799315638859e-01
1.735343443703345478e-01
1.740507763114857165e-01
1.745583959558505149e-01
1.750574161453022637e-01
1.755480426833154750e-01
1.760304746387040820e-01
1.765049046335667171e-01
1.769715191163142576e-01
1.774304986206862722e-01
1.778820180114964178e-01
1.783262467180234956e-01
1.787633489555984501e-01
1.791934839361297160e-01
1.796168060682183931e-01
