1.729422748449025229e-02
3.334413503605162393e-02
4.826651528260603868e-02
6.216534744853719624e-02
7.513342249227975000e-02
8.725372885393539724e-02
9.860063977732047569e-02
1.092409350885537728e-01
1.192346840482843978e-01
1.286360109857284939e-01
1.374937615402986035e-01
1.458520842407295959e-01
1.537509396640251991e-01
1.612265474039872859e-01
1.683117794399975886e-01
1.750365071538873274e-01
1.814279081365162416e-01
1.875107380090237363e-01
1.933075717211339695e-01
1.988390181508722654e-01
2.041239112940921863e-01
2.091794808804640637e-01
2.140215048697504119e-01
2.186644459572494037e-01
2.231215739395210618e-01
2.274050755550248437e-01
2.315261532100830466e-01
2.354951138257430909e-01
2.393214488899703951e-01
2.430139066686842209e-01
2.465805574157625968e-01
2.500288523235300597e-01
2.533656768694929617e-01
2.565973991396763298e-01
2.597299136437679623e-01
2.627686810793428140e-01
2.657187644522426839e-01
2.685848619154538874e-01
2.713713366499691526e-01
2.740822440762408219e-01
2.767213566546338210e-01
2.792921865058019537e-01
2.817980060584610591e-01
2.842418669103243811e-01
2.866266170691252335e-01
2.889549167240454408e-01
2.912292526826151251e-01
2.934519515948205148e-01
2.956251920742118955e-01
2.977510158152810726e-01
2.998313377963143234e-01
3.018679556490415083e-01
3.038625582680362647e-01
3.058167337264308672e-01
3.077319765579863975e-01
3.096096944599439627e-01
3.114512144665276261e-01
3.132577886377059806e-01
3.150305993042850083e-01
3.167707639065760472e-01
3.184793394604313876e-01
3.201573266814850549e-01
3.218056737958053248e-01
3.234252800625637692e-01
3.250169990320722624e-01
3.265816415607646350e-01
3.281199786023929477e-01
3.296327437935656635e-01
3.311206358497554847e-01
3.325843207869008111e-01
3.340244339822178166e-01
3.354415820867893694e-01
3.368363448014428108e-01
3.382092765265491963e-01
3.395609078952145921e-01
3.408917471991919079e-01
3.422022817150112695e-01
3.434929789387300980e-01
3.447642877352955493e-01
3.460166394095771647e-01
3.472504487045468546e-01
3.484661147320735064e-01
3.496640218413890056e-01
3.508445404296823833e-01
3.520080276991008339e-01
3.531548283639138752e-01
3.542852753118309050e-01
3.553996902220873388e-01
3.564983841441706214e-01
3.575816580392397470e-01
3.586498032875118924e-01
3.597031021636231674e-01
3.607418282821295841e-01
3.617662470158079513e-01
3.627766158878338310e-01
3.637731849402451867e-01
3.647561970801073139e-01
3.657258884047885350e-01
3.666824885080567920e-01
3.676262207679214522e-01
