1.210791281506595719e-03
2.185834324047710754e-03
2.972579709364380970e-03
3.607244519630360777e-03
4.117975903798767878e-03
4.526975462184814648e-03
4.851971458392042268e-03
5.107266786130036998e-03
5.304502181029647004e-03
5.453223018394354714e-03
5.561307374524078993e-03
5.635294041002970010e-03
5.680637073729126636e-03
5.701905532052038011e-03
5.702941749791243416e-03
5.686987841109314261e-03
5.656787604138649624e-03
5.614669181283627082e-03
5.562612533860218818e-03
5.502304836832509934e-03
5.435186194154004342e-03
5.362487546655540262e-03
5.285262244099035028e-03
5.204412446893417511e-03
5.120711286829717108e-03
5.034821532553935067e-03
4.947311361624758159e-03
4.858667727509741359e-03
4.769307719772510230e-03
4.679588243747511041e-03
4.589814288217065885e-03
4.500246002960429925e-03
4.411104770216313364e-03
4.322578423271556357e-03
4.234825740163488013e-03
4.147980319758914555e-03
4.062153930375450063e-03
3.977439406963077101e-03
3.893913161107551060e-03
3.811637358323544979e-03
3.730661808916992551e-03
3.651025611831399797e-03
3.572758585120177233e-03
3.495882511821777738e-03
3.420412225902628479e-03
3.346356559445625226e-03
3.273719169306341537e-03
3.202499258937145307e-03
3.132692208933060812e-03
3.064290128016165706e-03
2.997282334603187590e-03
2.931655777751595790e-03
2.867395405119925900e-03
2.804484484580069097e-03
2.742904885258124620e-03
2.682637323036917397e-03
2.623661574910147922e-03
2.565956666021139594e-03
2.509501032735980512e-03
2.454272664681146892e-03
2.400249228311019094e-03
2.347408174252448888e-03
2.295726830398132304e-03
2.245182482476650726e-03
2.195752443619342683e-03
2.147414114256130865e-03
2.100145033514421149e-03
2.053922923151730532e-03
2.008725724929797882e-03
1.964531632229181597e-03
1.921319116607857593e-03
1.879066949924120900e-03
1.837754222569519709e-03
1.797360358293928397e-03
1.757865126047230544e-03
1.719248649211896525e-03
1.681491412557045186e-03
1.644574267205108293e-03
1.608478433868222590e-03
1.573185504581026215e-03
1.538677443129693543e-03
1.504936584353878991e-03
1.471945632476755542e-03
1.439687658600289147e-03
1.408146097486958270e-03
1.377304743733886961e-03
1.347147747433175610e-03
1.317659609401361726e-03
1.288825176049918086e-03
1.260629633961021139e-03
1.233058504224304221e-03
1.206097636583750932e-03
1.179733203437678245e-03
1.153951693729534387e-03
1.128739906762214274e-03
1.104084945964522828e-03
1.079974212634853123e-03
1.056395399683494321e-03
1.033336485392397216e-03
1.010785727208400207e-03
