1.752393461311331502e-02
3.408024376242176773e-02
4.973410993730720958e-02
6.454599717951467475e-02
7.857200958495241805e-02
9.186422111569841897e-02
1.044709791650857561e-01
1.164371840937225566e-01
1.278045467527935131e-01
1.386118258296512307e-01
1.488950466871959977e-01
1.586877032209553784e-01
1.680209441241383161e-01
1.769237448298535131e-01
1.854230662899985504e-01
1.935440016506931038e-01
2.013099117935739368e-01
2.087425506301150702e-01
2.158621809612364939e-01
2.226876816464027353e-01
2.292366467643421057e-01
2.355254773910800126e-01
2.415694665693304544e-01
2.473828779962751190e-01
2.529790189138803602e-01
2.583703076466057347e-01
2.635683361955308834e-01
2.685839282650945847e-01
2.734271930687650620e-01
2.781075752321348626e-01
2.826339010873819557e-01
2.870144216291406480e-01
2.912568523814734189e-01
2.953684104056505944e-01
2.993558486608682290e-01
3.032254879136064285e-01
3.069832463763045305e-01
3.106346672421567146e-01
3.141849442701863393e-01
3.176389455628266245e-01
3.210012356679731726e-01
3.242760961267726061e-01
3.274675445800286910e-01
3.305793525372204833e-01
3.336150619044302434e-01
3.365780003605258197e-01
3.394712956639903689e-01
3.422978889669734404e-01
3.450605472073811630e-01
3.477618746445423903e-01
3.504043235994538930e-01
3.529902044557544638e-01
3.555216949738836396e-01
3.580008489666992033e-01
3.604296043816990758e-01
3.628097908314456554e-01
3.651431366108183196e-01
3.674312752372065338e-01
3.696757515466912447e-01
3.718780273774580092e-01
3.740394868689588814e-01
3.761614414035525100e-01
3.782451342154141694e-01
3.802917446899050646e-01
3.823023923743792407e-01
3.842781407208293865e-01
3.862200005783416601e-01
3.881289334530347857e-01
3.900058545509821339e-01
3.918516356192808803e-01
3.936671075989571222e-01
3.954530631025801601e-01
3.972102587284597752e-01
3.989394172226979896e-01
4.006412294992249268e-01
4.023163565276240417e-01
4.039654310976527607e-01
4.055890594686948902e-01
4.071878229120959314e-01
4.087622791533746525e-01
4.103129637212960534e-01
4.118403912097791664e-01
4.133450564588400655e-01
4.148274356596217127e-01
4.162879873888675197e-01
4.177271535773006139e-01
4.191453604166997526e-01
4.205430192092407538e-01
4.219205271633464926e-01
4.232782681394875457e-01
4.246166133490435479e-01
4.259359220097367338e-01
4.272365419600006597e-01
4.285188102355158568e-01
4.297830536099360721e-01
4.310295891024804593e-01
4.322587244543831808e-01
4.334707585763890036e-01
4.346659819689772664e-01
4.358446771173097867e-01
