1.752393461311331502e-02
3.380994599142260471e-02
4.896146322086396968e-02
6.307275784224129767e-02
7.622979541031807416e-02
8.851100336717147854e-02
9.998796390784864263e-02
1.107260395882336129e-01
1.207849385932165120e-01
1.302192258392184387e-01
1.390787854214266817e-01
1.474092393244642585e-01
1.552523267887274405e-01
1.626462482563446887e-01
1.696259774044369673e-01
1.762235444032146103e-01
1.824682932077089370e-01
1.883871153993441627e-01
1.940046628334272105e-01
1.993435411174160066e-01
2.044244857381211367e-01
2.092665224729555462e-01
2.138871135559237413e-01
2.183022909230271369e-01
2.225267777310749040e-01
2.265740992268054921e-01
2.304566839387462707e-01
2.341859560705081833e-01
2.377724198898821806e-01
2.412257368327909712e-01
2.445547959732355114e-01
2.477677784493355351e-01
2.508722163806021976e-01
2.538750467619320106e-01
2.567826607755692714e-01
2.596009489213175203e-01
2.623353423294864095e-01
2.649908505876342746e-01
2.675720963827762366e-01
2.700833472333047380e-01
2.725285445608952584e-01
2.749113303301165545e-01
2.772350714635286595e-01
2.795028822217365816e-01
2.817176447212907386e-01
2.838820277482794752e-01
2.859985040116519994e-01
2.880693659679594010e-01
2.900967403376101261e-01
2.920826014227598799e-01
2.940287833271641449e-01
2.959369911698629951e-01
2.978088113768634360e-01
2.996457211276100652e-01
3.014490970265997216e-01
3.032202230646871555e-01
3.049602979288670301e-01
3.066704417146323691e-01
3.083517020904228412e-01
3.100050599593776046e-01
3.116314346597707785e-01
3.132316887426097596e-01
3.148066323607484063e-01
3.163570273017779488e-01
3.178835906938995426e-01
3.193869984116771144e-01
3.208678882062394044e-01
3.223268625826058997e-01
3.237644914447848077e-01
3.251813145277465678e-01
3.265778436335612378e-01
3.279545646878739285e-01
3.293119396312872427e-01
3.306504081591829514e-01
3.319703893223230895e-01
3.332722829995585778e-01
3.345564712531396423e-01
3.358233195761252676e-01
3.370731780406928668e-01
3.383063823554118277e-01
3.395232548388948945e-01
3.407241053166605860e-01
3.419092319472430974e-01
3.430789219836630211e-01
3.442334524751050617e-01
3.453730909139203220e-01
3.464980958323728433e-01
3.476087173528697449e-01
3.487051976961125788e-01
3.497877716497367340e-01
3.508566670013620326e-01
3.519121049385162125e-01
3.529543004182293942e-01
3.539834625087621145e-01
3.549997947056810488e-01
3.560034952243589235e-01
3.569947572708374595e-01
3.579737692927421056e-01
3.589407152118179178e-01
3.598957746397005719e-01
