100
5
11111
00000
00011
00001
10010
00100
01011
00011
00001
00000
10010
00001
00010
00111
10110
00000
10110
00000
11110
01011
11110
10001
10011
00000
00101
00000
00111
00000
00111
01001
00000
10010
01111
00101
01101
00000
10000
11100
00111
10010
00001
10010
00110
00010
10000
00000
10110
00000
10010
00101
10011
11110
00011
10000
10000
10000
00011
11101
01011
11000
10010
00111
10110
01000
11001
10000
11001
10010
10010
01100
11110
10010
01001
10001
00000
00111
10010
00110
10001
01001
00001
00111
10000
10000
10000
10010
10010
01010
11001
00111
01010
11001
10110
10010
00000
11010
10010
11111
00001
11000
