-3.180861947161010561e-01 4.282439648561635614e-01 -5.495983739587523287e-01
2.580687198088619794e-01 -2.526131343477350799e-01 2.811739477434281875e-01
1.403174478266898229e+00 2.151013379139789794e-01 -8.419457569546383302e-02
-3.317058198510563827e+00 1.115874120619332333e+00 -1.180818056391852888e+00
7.933591539180679941e-01 1.061307005514158686e+00 -9.586843024686025894e-01
-1.010816883984911652e+00 -1.924069446042639076e+00 9.316166295416645760e-01
7.588014787103127823e-01 2.160115461517589930e-01 1.427086313438523213e+00
1.988447654248606034e+00 7.271810448190620946e-01 9.792636495924944562e-01
-1.184446318001342036e+00 1.004621078718368699e+00 -1.013735195030406544e+00
6.285561102601719963e-01 -2.591657518202449495e+00 1.678899632289679866e-01
