3.649396087151600909e+00 -6.550807945829940637e-01
6.074798983066960201e-01 2.254268076152169620e+00
-9.419250806933044950e-01 2.516018461451042576e+00
1.577805559528231871e+00 -9.571587856749688150e-01
5.499299790162351931e-01 -4.895513195970204734e-01
-1.813283395293713574e-01 -1.618500538984710246e+00
-3.624972173247486551e-01 2.653221452208218145e-01
-1.117420098769437820e+00 -7.864838088644990899e-01
-1.562022789162078595e+00 2.997851959674252553e-01
-2.219417998523823154e+00 -8.286186310872661887e-01
