3.064677567365226007e-01 3.151015064521224485e+00 1.902634399260901610e+00
-8.493724015600645494e-01 -1.054140896862342691e+00 1.938763193429166254e+00
3.191856341078956882e-01 -2.380241655317469451e+00 1.171461113363233775e+00
5.969870725849770743e-01 1.724077269528211831e+00 3.324885217884427924e-01
4.075776285843704660e-01 6.482752606311165122e-01 8.008040807622065702e-03
9.494434606100425889e-01 5.422980798237597710e-01 -1.216201546941292566e+00
-1.849257652304814592e-01 -4.150263072715028034e-01 -5.550385241568438904e-02
3.437793794847915363e-01 -6.765180969377372344e-01 -1.202619062295890107e+00
-1.254649324284155654e+00 -6.393734164634127248e-01 -8.226761540689588870e-01
-6.344934410338987085e-01 -9.003653016518475827e-01 -2.056354652927540716e+00
