2.857116750640685154e+00 1.781467272384265277e+00 -3.442697203117739413e+00
1.345127401064052819e+00 1.527226268094305173e+00 -1.957934124779741270e+00
1.608979052817149924e+00 6.697797498083578605e-01 -8.813982572164879015e-01
3.913313127409876468e-01 3.421010849331121983e-01 -2.312064297116374512e+00
5.598062987921753608e-01 -4.830910987596084283e-01 -1.200896847832563230e+00
4.271748132623548466e-01 1.292007242475949003e+00 2.115674558770499480e+00
8.110692656223665864e-01 9.584470992756547458e-01 3.259491545940562229e+00
-4.995089457891014467e-02 -3.280796819829461253e-01 3.158699164508028012e+00
4.393690053754360503e-01 1.650939035576198144e+00 -1.031937957483745283e+00
5.786912120364465784e-01 6.864629748803976472e-01 -7.995081236396327229e-02
-4.614985606372869475e-01 4.223417353954801445e-01 -1.311563017956675736e+00
6.673685709563530466e-01 -1.540509464422141983e+00 -6.617079075238964103e-01
-2.057922721528723520e-01 -3.663955855106290627e-01 -2.741005693934666643e-01
-1.646918268816767394e+00 -2.498681693908606505e-01 -5.405282994969150545e-01
-5.629301419045400490e-01 -4.674519827830985186e-01 8.650353776610695267e-01
-1.986311615923143981e+00 -3.410032768109478307e-01 9.213317115885045760e-01
-2.231234807231802508e-01 -7.985187142714385011e-01 2.008036378430695379e+00
-7.741867235780434120e-01 -1.531087887830860028e+00 -5.284991359616303397e-01
-1.153472339189944185e+00 -1.674299980474047489e+00 9.479098924489699485e-01
-2.621849385803318722e+00 -1.550466620587140909e+00 9.470998008948670055e-01
