5.615946074148422396e-01 -4.761251924535581104e-01
-3.133735683008596062e-01 3.218648282680480754e-01
6.226207693039825797e-01 1.216358499766942325e+00
1.158613062727664511e+00 -3.522050252035693774e+00
1.577282138368202524e+00 4.057159624894968175e-01
-2.147261905177409780e+00 -9.165273228459396293e-01
-5.151183650589539198e-01 1.504805336627939694e+00
5.103506201048423341e-01 2.313431940567201917e+00
1.168248090430558106e+00 -1.428572878107617683e+00
-2.622955449812868878e+00 5.810990777231811455e-01
