1.072886478916771580e+00 -1.385660118780843675e+01
3.251755404812653794e+00 -1.299753908858646412e+01
2.234843723974028862e+00 -1.397010208255215602e+01
2.258073412386679024e+00 -1.464177720229861102e+01
-1.148626269540138578e+00 -1.428431820506329686e+01
-1.734398784011437877e+00 -1.489372106132585571e+01
-2.499753075898169197e+00 -1.473928000144788264e+01
-4.373912135120537670e+00 -1.391906051428160396e+01
1.243575943619054769e+00 -5.775727031546262324e+00
8.948070643587463513e-02 -4.577702626603164404e+00
3.975237715332891941e+00 1.849670637873924717e-01
1.998999121209901753e-01 -5.144631716561535839e+00
1.103473804175379852e-01 -4.448185541251267416e+00
-6.375639239694819160e-01 -4.383519823143120497e+00
-6.552873717244377116e-02 -4.443389930984789515e+00
-8.425112065523540084e-01 -3.453554216452664249e+00
-9.633801156593119197e-01 -2.113730792992770446e+00
4.852441905361654095e-01 1.204387301632896257e-01
-2.964700595629822910e+00 -2.881599496665594895e+00
-3.129640537746377404e+00 -1.277335593515191769e+00
-3.114134295675115016e+00 8.730284458231192257e-01
-4.881105590748461509e+00 1.442078539262712678e+00
2.217403314520044466e-01 -5.376708164612085561e+00
-8.961100593195441277e-01 -3.761752111045138403e+00
-7.421921497343201279e-01 -4.539256709353538533e+00
-1.368626154184226396e+00 -3.585835350007106292e+00
-1.453614282015723624e+00 -2.607289940106417792e+00
-1.468440017609572434e+00 -1.198161394631096943e+00
-1.029053802349623847e+00 5.684636496635758762e-01
-2.808591918915281038e+00 -4.088210821758810454e+00
-3.312356235023016460e+00 -2.864778620065338011e+00
-3.193162366497639404e+00 -2.989004726768746956e+00
-3.169748698987690183e+00 -1.906319537870955205e+00
-3.096554633270762746e+00 -3.884307366735774147e-01
-2.845860510528472886e+00 1.351250556255854107e+00
-4.701997255598913128e+00 -1.829819581397429396e+00
-4.631798734152815733e+00 1.118391848709961731e-03
-4.277770047750107274e+00 1.950229401924243211e+00
2.079839151196733127e+00 -5.883182292563883031e+00
1.053751857567714278e+00 -4.880760972877829396e+00
9.727877345357212047e-01 -5.626895528782183575e+00
-4.200965134864865225e-01 -4.214364125962711149e+00
-1.524660314359358226e+00 -5.722482305775694833e+00
-3.136327446832903210e+00 -3.613454029716881344e+00
-2.684700242703356832e+00 -4.527935517856668923e+00
-3.340857952334822745e+00 -2.176999766190935492e+00
-3.303978568289524187e+00 -4.263635748270593329e-01
-2.869239660986524498e+00 1.780802181230696224e+00
-4.331045983838497371e+00 2.518937994289259130e+00
-2.986605762806620490e+00 6.492474680332772641e-01
-2.390471694265313918e+00 2.454450894305205022e+00
-3.573556858544567394e+00 3.299716011016880834e+00
-3.521012917151961741e+00 4.731878863804391600e+00
-2.158167065754250213e+00 3.133765287355706253e+00
-3.230091012383070392e+00 4.126518090744342615e+00
5.340302542447509460e+00 -7.306011442005701184e+00
5.978630760016200085e+00 -1.158344872781186474e+01
6.659517868263622020e+00 -1.198118415873095799e+01
4.143047237716173115e+00 1.503354118742610934e+00
3.512808485803569525e+00 -5.632255221214446550e+00
2.945953773671025733e+00 -4.681409118661647106e+00
4.897771107278347635e+00 -1.451775294911401337e+00
3.187271010649162406e+00 -3.779465498321104455e+00
4.546670471540226188e+00 -2.712778486593183103e-01
2.499409261809169891e+00 -3.157167092737608538e+00
3.022580652506030585e+00 -1.478783397530315291e+00
3.951636577494915148e+00 -1.213600936384221951e+00
3.712279394360651796e+00 5.053571661477230803e-01
2.561531073554234261e+00 -5.326692526700643526e+00
2.016127153862218968e+00 -4.212711654150086638e+00
2.615357959315156133e+00 -2.946765827164703477e+00
3.318360502979738502e+00 -3.039424353386716238e+00
3.941403217085580835e+00 -8.548747148596725909e-01
1.312906366058342211e+00 -3.532583886964342668e+00
2.895551571146364189e+00 -5.025567950297136349e-02
2.066944557437146113e+00 -3.273176719364157883e+00
2.536540565782788192e+00 -1.719492749993850600e+00
3.300825795639562799e+00 1.661784486836526131e-01
1.164174836548633962e+00 -2.453558053011524187e+00
1.482448080296107085e+00 -8.958428777561905365e-01
2.321017281604893512e+00 -7.271048198549536767e-01
2.114112070952571809e+00 8.344330988714184771e-01
3.272897942043996533e+00 2.519560072561481068e+00
-8.621447871596528145e-01 -2.478839792898019478e+00
3.058737271602518515e-01 1.847746328997896592e+00
2.154343351744260282e+00 -4.418565513543268430e+00
1.326685644793547114e+00 -2.708308906118209958e+00
1.731256172834926721e+00 -1.072300960985700380e+00
2.491055602825875237e+00 9.465532165068071269e-01
1.082470483010736562e+00 -3.798463542253547764e+00
1.440352125582248677e+00 -2.541232929219951586e+00
2.818490777839053774e+00 -4.074567902128140018e-01
3.364795540894877646e-01 -2.928740299612136333e+00
1.427042950366483431e+00 3.536214243402789892e-01
1.281422066530571557e+00 -1.279032402502476629e+00
2.073525534513013024e+00 5.683028169539574570e-01
3.194867881535603527e-01 -1.869353111435450021e+00
4.450267467386812559e-01 -4.165776358256911283e-01
8.929156227068857365e-01 -3.486791027458608916e-01
9.251506308742633022e-01 1.099453149341666602e+00
1.518810900522597596e+00 2.635424367635803566e+00
-1.484448730091330049e+00 -1.504596903518550244e+00
-1.270807388900193402e+00 1.621196770636005313e-01
-7.311659231062315190e-01 1.889108942314236872e+00
-6.004761439738907081e-01 3.734898966164154732e+00
-2.180325700051036542e+00 2.966653903033413364e+00
4.349079246968330814e+00 -5.442652275319010968e+00
3.756992782090591732e+00 -4.541558206367764861e+00
4.508767341486995761e+00 -3.104620472111093932e+00
5.023541860806284731e+00 -3.058125835286763294e+00
5.365036816972616585e+00 -1.252260910888494783e+00
4.006139440185923384e+00 -3.600914402160412475e+00
5.032089063253862626e+00 -8.547476339144083335e-02
3.668531564092487596e+00 -2.888717377754194793e+00
4.031692002999355928e+00 -1.184087887307165410e+00
4.712735620277732629e+00 -8.959963091766380838e-01
4.379008264155733521e+00 8.121493035807894056e-01
2.889926861033728311e+00 -4.205658599644279683e+00
4.648486271770887690e+00 -5.979267348004025928e-01
4.098351350266059789e+00 5.002787693998459462e-01
2.304375839529084757e+00 -2.460399084803357006e+00
2.592958388877604659e+00 -7.214270625546452820e-01
3.592917846544994909e+00 -3.124786121416388007e-01
3.041636314986906786e+00 1.252528801541200609e+00
2.210835257861111902e+00 2.743700924838486710e+00
3.076190069350021261e+00 -4.348557833618362345e+00
3.987771175620363096e+00 -2.766455403269905133e+00
4.918033580635351676e+00 -6.697084846907592759e-01
2.481519655225081333e+00 -3.821570262143631602e+00
4.439620500416372906e+00 5.075498369881316085e-01
2.621070239343684438e+00 -2.641008490968546507e+00
3.036646820569800731e+00 -8.388964754523891010e-01
4.015155292646530150e+00 -3.574790623055913441e-01
3.432871628581564138e+00 1.286659596479385659e+00
2.014007642489072936e+00 -3.905075847785907772e+00
2.815161266271998919e+00 -2.304177388754379052e+00
3.896831025083763667e+00 -5.738859550250481611e-02
3.102080881282766267e+00 9.593572214978153267e-01
1.007178581436646070e+00 -1.968510286957269484e+00
1.284180080690860537e+00 -2.828892550180553411e-01
2.241882473748454174e+00 1.082487791686791156e-01
1.804120391543110324e+00 1.499626727561242490e+00
2.645294909609853473e+00 2.993786024168480608e+00
3.860453237846274366e+00 1.435863207215902104e+00
2.189495936167308088e+00 2.570242567113568466e+00
-1.344769997834924347e+00 -1.740444229009776800e+00
-4.124178192317525665e-02 2.589326193537657694e+00
4.952331838646348294e-01 4.502154284616813662e+00
-1.030555157012114309e+00 4.211647190584119294e+00
8.303280611030043445e+00 -1.090569749100072627e+01
7.943941086118636363e+00 -1.207830816859320500e+01
1.125091844647955774e+01 -9.015896973403094705e+00
3.709136493603495399e+00 -4.034557461357179520e+00
3.327414903367232224e+00 -2.240039660265002119e+00
3.445904198543694896e+00 -4.301522407262199921e-01
3.614718673714869102e+00 1.831403469873408074e+00
2.702115366226498505e+00 -3.621207998353590973e+00
3.327964728879075906e+00 -1.978807822545080475e+00
4.207771376555295539e+00 3.911834318998130833e-01
2.717040853069411455e+00 -2.501888162369956703e+00
2.880699613027039252e+00 -8.038994267617984857e-01
3.321265305738915874e+00 1.408765427355750166e+00
1.663119911173062349e+00 -1.677123053135904707e+00
1.760997522778353641e+00 8.112145580363722130e-02
2.630381507898097659e+00 5.265799669363487867e-01
2.119439873926279638e+00 1.863331258975252425e+00
2.708204818686904769e+00 3.496547133541302088e+00
5.819550475266921374e-01 3.042460255192363405e+00
1.034722482203537242e+00 4.707563132073857126e+00
1.889096238069826628e+00 -1.906413759078370074e+00
2.072068798492132213e+00 3.750182328221274286e-02
2.493575553989330729e+00 2.021801352347782466e+00
2.981149144121086891e+00 3.644059070324145111e+00
1.609140150646203082e+00 -3.264914082604797763e+00
2.172232241700331024e+00 -1.523492925163886458e+00
3.025874782895921822e+00 9.039531807953922193e-01
1.665877338946767372e+00 -2.724110403202487096e-01
2.110493864683613996e+00 1.668143207029259001e+00
5.590538653631995647e-01 -1.077140814183904505e+00
7.564801566824641554e-01 -1.087923357186402429e+00
6.559738937502858080e-01 5.300559482175591919e-01
1.251387011470209254e+00 2.082545235769492464e+00
1.222330446112819269e+00 9.465488179006606995e-01
1.006047643655923807e+00 1.989253637668325192e+00
1.382116635145533179e+00 3.501690203606452112e+00
3.439938892798114489e-01 2.936514178895005767e+00
-1.382196606117103821e+00 -4.923415486326240265e-01
-9.503334560142530085e-01 1.321285749789447905e+00
-4.258065905747767110e-01 2.806599592971568136e+00
-2.735394857656013867e-01 4.273363024707819591e+00
9.963121487100190521e-01 3.302720191339833189e+00
-1.419943638509171491e+00 3.988508440585575077e+00
-1.214663618526694355e+00 5.349753848952724766e+00
5.222354606699156854e+00 -4.607694485337540335e+00
4.483217128701003418e+00 -3.797533916744571414e+00
5.037246046713136138e+00 1.092570533558832935e+00
4.252813166166150793e+00 -1.990670284044221860e+00
4.174374710998415061e+00 2.031123117630186936e+00
4.583765396511416235e+00 3.148132732675464229e+00
4.009572393839999194e+00 1.706583256376066338e+00
2.912133682577180860e+00 2.240569834845676400e+00
3.327698255464333066e+00 3.608871593852859050e+00
1.757686378102070401e+00 3.605685068161852858e+00
3.942045123570392828e+00 -3.521588147486350184e+00
4.559998149264989920e+00 -1.774791958804349257e+00
5.029350625621003879e+00 7.017091580031166176e-01
4.076759897500114249e+00 -2.377783576456784509e+00
4.313218753515227100e+00 1.738417476386939997e+00
3.419030498199737700e+00 -1.614517009027986338e+00
5.274544155531225798e+00 7.515317143676156567e-03
3.391611548627214034e+00 6.476692519453346453e-01
4.162259091123488020e+00 1.178975827972981394e+00
3.227031764178252882e+00 2.382654194498539546e+00
3.555506197250001499e+00 3.693834666426648372e+00
2.867522684497105345e+00 -3.161009765678561401e+00
3.404858061449749229e+00 -1.276010629901588311e+00
3.927760102212059401e+00 1.334824483787985239e+00
2.963786856098667322e+00 2.067441718982477639e+00
1.459872876214585835e+00 -1.048273714159890790e+00
1.536780778515738355e+00 9.215994901089296087e-01
1.736415806209021362e+00 2.420096282991158088e+00
2.138084172438280639e+00 3.837173645461007698e+00
2.041174412690264006e+00 3.821270155729908247e+00
1.937790184980392683e+00 5.100886967351292434e+00
3.107261707176395049e+00 3.291445989212978152e+00
1.665077982794920697e+00 3.600247394316948846e+00
-1.170704247079046967e+00 -5.142885759915646338e-01
-4.210761789260600851e-01 1.984027909282331192e+00
1.660907703040754024e-01 3.383773269214529922e+00
4.365528980129076975e-01 4.755388343824608732e+00
-4.193114931549419278e-01 4.750460841769596598e+00
-3.906747861807967070e-01 5.810049373277613505e+00
-1.492992730305867100e-01 -5.699960655746579619e+00
-1.332705732424363632e+00 -4.125000067014179095e+00
-1.125847501194704225e+00 -4.829379181602059035e+00
-1.545600324205596010e+00 -3.964243906555226182e+00
-2.169845239442455220e+00 -3.181526271968648345e+00
-1.786276031203950510e+00 -3.885258257405039828e+00
-1.868620044278406223e+00 -2.878660134219949374e+00
-2.011124839479306203e+00 -1.444202726519677960e+00
-1.733969243839872609e+00 4.897060272405243664e-01
-3.645326678549830834e+00 -2.021491694553103624e+00
-3.602870627115343449e+00 -4.720169247043776717e-01
-3.448336467306907682e+00 1.350554690503581678e+00
-4.806296744420082589e+00 1.904508244434977460e+00
-1.174551484688537872e+00 -5.067455031392746889e+00
-1.886585733866556813e+00 -4.161733444912218083e+00
-1.977723523676115258e+00 -3.188457894912057000e+00
-1.928079521318611045e+00 -4.031415482042687515e+00
-2.276142418877578955e+00 -2.923940764009653304e+00
-2.678983105073238669e+00 -1.796326108636756347e+00
-2.307234860739481253e+00 -3.014093986981337903e+00
-2.447345096816399224e+00 -1.757845307666024093e+00
-2.576877664925996569e+00 -2.028899353570411679e-01
-2.247895794861070939e+00 -2.005576989063731830e+00
-2.182220608305093901e+00 -6.316287246125805721e-01
-1.979861339802929221e+00 9.627328445212425256e-01
-3.625287298584244589e+00 -3.306265145813881645e+00
-3.940989859595597444e+00 -1.980681477213685593e+00
-4.322053616870539905e+00 -4.401938968505839100e-01
-3.769945250183709184e+00 -2.241412041432421454e+00
-3.790163242122737142e+00 -8.702761103157690137e-01
-3.809453867740410615e+00 7.350574743945378353e-01
-3.625372725482781000e+00 -1.206481810357204365e+00
-3.407696729890402398e+00 1.556219221270762343e-01
-3.780793375910520115e+00 3.497871660774922176e-01
-3.132824143378463155e+00 1.634054547666164536e+00
-3.699960596125978718e+00 2.667594829565099079e+00
-4.482673072138331882e+00 1.816878799778653075e+00
-5.045927237796313136e+00 1.228244450255317588e+00
-5.002911111555482293e+00 -9.278601276373422690e-01
-4.683864383666468179e+00 5.918756430600122798e-01
-5.066310179406585235e+00 8.034745189123471132e-01
-4.289328401721855144e+00 2.220408302261750233e+00
-4.715973889103131533e+00 3.318489882443368622e+00
-5.472120706488423636e+00 2.488061343658875213e+00
-6.892652330376826120e-01 -5.475329245122123822e+00
-1.676519331397310575e+00 -4.603600819816317191e+00
-1.963657960408828895e+00 -3.618690229525938218e+00
-1.906911557365451593e+00 1.323882774734023382e+00
-3.841361441546914612e+00 1.750197059489574380e+00
-3.674047367383839191e+00 -3.670416232558475489e+00
-4.155098347938803727e+00 -2.242020892152782441e+00
-4.631407515295899557e+00 -5.216625265186665139e-01
-3.956193422890371014e+00 -2.490444868960556057e+00
-4.050612358350420550e+00 -9.649067883027460102e-01
-4.031564966121538696e+00 9.277068136932238307e-01
-3.860714382952015633e+00 -1.346484102655175707e+00
-3.612775839164102276e+00 2.279410963831994819e-01
-3.179261307947832016e+00 1.999501376470993241e+00
-3.486259100386611021e+00 3.441262798555650093e+00
-4.338840740313147926e+00 2.694350104646261013e+00
-5.534396943128900404e+00 2.995925019902187181e+00
-8.409814525918887895e+00 -1.179061602597226610e+01
-1.296037137089888880e+01 -5.644698705522228188e+00
-1.914726158779233689e+00 -3.628951900063140390e-01
-1.124412466489160600e+00 1.957515622609751427e+00
-2.884627151962191327e+00 2.619543156340153445e+00
-4.072319611411111318e+00 3.399852558231378108e+00
-2.333535879431237081e+00 -1.259411625781625022e+00
-2.035480571711964171e+00 3.186532771663530550e-01
-1.655800150692399830e+00 2.003103976781022588e+00
-1.923324085053843557e+00 3.619254490872391816e+00
-4.037349825144005422e+00 -2.707717399566839322e+00
-4.232383367119770590e+00 -1.076954097432994750e+00
-4.072730584730914316e+00 -1.487182789578618713e+00
-3.859657951987299551e+00 8.199372530830720263e-02
-3.391991018288055493e+00 2.022642027710652712e+00
-3.763431362661552093e+00 3.445775446284077947e+00
-3.767441210047024036e+00 -2.865690213565612043e-01
-4.879233463812358451e+00 2.176824698320088403e-01
-3.261447930548629248e+00 1.107824497508133943e+00
-3.930267463195775690e+00 2.156993899596731712e+00
-2.751894997163999435e+00 2.540044231987243162e+00
-3.008386566112206228e+00 3.759228249914377429e+00
-4.565220904192122120e+00 2.705321049927079002e+00
-5.133040412808084874e+00 1.405802686620594988e-01
-4.511219446259548960e+00 1.631533460210661923e+00
-5.029827768369282026e+00 2.829594422720568492e+00
-3.775768996890650708e+00 3.245784231885839421e+00
-3.930313925653468043e+00 4.398750075125652970e+00
-5.715700355006312350e+00 1.865895278151008307e+00
-4.784501501393352285e+00 3.823880083304346478e+00
-4.814321968093236315e+00 4.994405929520778109e+00
-5.852285699884338221e+00 4.165241534493341113e+00
-5.782926964678179793e+00 5.453276846112797394e+00
-4.519115746718964211e+00 -1.224842549433827976e+00
-4.044129526588014834e+00 -2.951162106402144270e-01
-3.377444932533034017e+00 1.446904691383298580e+00
-2.636952116442214056e+00 3.095789144828108519e+00
-2.690384399775677782e+00 4.406797959869336978e+00
-3.823119331311715996e+00 4.385905980960903783e+00
-4.651172027279172561e+00 2.113969198426499219e+00
-3.593362522339297982e+00 3.878707552895436450e+00
-3.577947212636654495e+00 5.042271413299033611e+00
-4.578604369402749619e+00 4.470414037116593242e+00
-4.404088087505204641e+00 5.689730832213306222e+00
-5.304148692298885415e+00 6.251378685333111918e+00
1.890202432738830707e+00 -4.880577044399601938e+00
8.214716630527486574e-01 -3.259164883476624031e+00
2.781324735296093476e+00 1.279235426617750138e+00
8.031890247973350050e-01 -4.214871632566020487e+00
9.460546756601377894e-01 -3.125742378388660203e+00
3.201652744975514775e+00 -4.834503495965918884e-01
-1.934323472412985065e-02 -3.332985436969189585e+00
1.277729154558322033e+00 3.680488836061048818e-01
2.264830194917284878e+00 7.238349309265511566e-01
-8.362730975621772422e-02 -2.204108926600190088e+00
8.582210189277643397e-02 -6.091243323552483213e-01
5.061379197246205219e-01 -5.971841615609475573e-01
7.522446770251558501e-01 1.262252941634433245e+00
1.672343466339263562e+00 3.318482924070182971e+00
-1.202528095594454394e+00 2.080713889054178090e+00
-8.555263809277474651e-02 -2.513777030245993860e+00
9.894992115844150060e-01 1.417084578414069318e+00
-1.109483904888714650e-01 -3.554107529079618910e+00
-1.806177789908665343e-01 -2.355594153711847216e+00
9.515411621074232329e-01 -1.340502765246698036e-01
-7.129084608108455789e-01 -2.575163412823743947e+00
-6.932416204155360528e-01 -1.138304219934282102e+00
-1.567242800962004023e-01 7.263122176450556022e-01
-7.171181716954644347e-01 -1.450616753602069098e+00
-5.677180453040101549e-01 -3.236451227323505070e-02
-3.968402320363391689e-01 1.228960909977274141e-01
-1.516195078598737422e-01 1.419201770634476389e+00
4.838641448183690630e-02 2.898389375581446270e+00
-2.446312055769437332e+00 5.386096755287238524e-01
-2.039782428738742048e+00 1.520844619726993585e+00
-2.288837921139362575e+00 -8.783004731118340125e-01
-1.977554651485592840e+00 6.221363401381223568e-01
-1.560971638174792675e+00 2.090458332615921844e+00
-1.718610757066108885e+00 3.492163361471592786e+00
-2.730228442122995425e+00 2.966181877203186268e+00
3.775553107932609898e+00 1.859754379842855743e+00
1.904948913020934054e+00 1.874821219465252931e+00
1.803324461473865270e+00 -4.643856884235542104e+00
6.639884593007718827e-01 -2.736224228166388883e+00
2.418849847444812351e+00 2.134510359822870740e+00
5.474003150939847906e-01 -3.902854542883560374e+00
3.080627516690030543e+00 6.467521590364945228e-01
-1.506607571417410973e-01 1.192267007626248848e-01
5.145527288728554138e-01 1.899446743125734027e+00
-2.295151945923569414e+00 1.201118366360801826e+00
-1.218397362599828782e+00 2.626999865166364856e+00
-1.054005484384047175e+00 4.298149000907101502e+00
9.814137463206282774e-01 5.101765483066751372e+00
1.764341800786247916e+00 -2.381570876703202444e+00
2.705926309742486602e+00 2.537739243683889256e+00
1.250297832808801690e+00 -3.820999958865003432e+00
2.142657679868812171e+00 -1.979502130952395023e+00
3.504208397367798433e+00 1.504460584483364283e+00
1.621683756407418908e+00 -4.283913622117374032e-01
2.260041059114759499e+00 2.088408735775459935e+00
1.271419534096860371e-01 -1.390023026726271871e+00
-1.497201253214361094e-01 -1.688333165849643658e+00
3.637175897103361866e-01 5.572645002322127450e-01
1.434108886010894812e+00 3.076542034609405007e+00
1.130167254478503969e+00 1.176587165620653463e+00
9.200074587281885652e-01 2.303699318793654527e+00
1.403571121169655767e+00 4.014265672126430040e+00
-1.419940756490307487e+00 1.445806588294027417e+00
-7.289650544457412229e-01 3.101162788715039031e+00
-5.307454982212688188e-01 4.652706907391016777e+00
1.030019479366496515e+00 3.961699805017095954e+00
-1.876103689447956135e+00 4.374722636940450826e+00
1.401066141672375531e+00 -4.100569184112430321e+00
2.097292526262125034e-01 -1.668575831679543375e+00
4.703577676743887492e-01 5.861560184367980986e-01
1.133425629255573774e+00 2.522709266242467496e+00
1.651619490846127025e+00 4.265516597933789456e+00
5.898557463921370869e-02 -3.092458713441393670e+00
2.067264126751110764e-01 -1.303554325468510466e+00
1.471885634720869751e+00 1.691810623660753077e+00
2.474967882347167247e+00 4.093055005875127605e+00
-6.147471727487445747e-01 -1.861175989490033711e+00
-1.498959074241103195e+00 -2.363052088192722167e+00
-4.518845592834223046e-01 -8.631365590759378092e-02
2.087727354961907145e-01 1.965239411714949203e+00
8.015728263637238449e-01 3.961208822636274718e+00
1.484834387470449768e-01 2.068082401903120204e-01
7.896660906544568093e-01 2.157630443435075929e+00
-5.689698704262259321e-01 -6.069189220983612909e-01
-1.034140908743240717e+00 -3.455165198963672801e-01
-3.579507870722183904e-01 9.065475447231726713e-01
-2.823044486733965464e-01 2.327130911963365190e+00
-6.322086353178110740e-02 1.361520179153891563e+00
5.207682037882270798e-01 3.597375462622251607e+00
6.611770457159485415e-02 2.261918141937575122e+00
2.951175202307977918e-01 3.673685665411271728e+00
-2.667433618295818487e+00 -2.575306625229160318e+00
-2.574777480021080311e+00 -5.846480585511681927e-01
-1.176452905893697443e+00 2.820802579907335961e+00
-2.007519311027935183e-01 5.126319074354484862e+00
-1.461356597776784394e+00 2.723819327322679396e+00
-1.359255358982699446e+00 4.401094291137092718e+00
-1.691558260986067985e+00 1.088868356910239088e+00
-9.387181979635583762e-01 2.985558072229599791e+00
-7.364795150502586596e-01 4.613720559898088602e+00
-2.202554786887385596e+00 1.569495757238622002e-01
-3.407933879842033331e+00 1.009210101946794058e+00
-1.676802564137741092e+00 1.656934687191895517e+00
-1.936977455947485049e+00 3.186993388161405871e+00
-1.666966496267244580e+00 2.299542462617440108e+00
-1.729784446188325164e+00 4.020494982739410972e+00
-1.216515077882992069e+00 2.887046397697905498e+00
-1.261242978954665972e+00 4.129205625603892926e+00
-4.985896861390243240e-01 3.434201712762300573e+00
-3.663210812471170419e-01 5.022241747442008908e+00
-2.955849751333050612e+00 2.561418377419416359e+00
-2.121468024949479503e+00 3.869757634858969286e+00
-2.092271401384430352e+00 5.024463279451967246e+00
-2.790939767853744868e+00 4.914224242461708414e+00
-2.698532858203027462e+00 5.939855871947861132e+00
3.468939380371625081e+00 2.794370463655322823e+00
1.814006202209292207e+00 2.857880424459050772e+00
2.097732684339523423e+00 4.306966807661386731e+00
-1.138269532958701563e-02 3.821350777854191527e+00
2.933668052523248804e+00 -3.910793047809851597e+00
4.246238559842024252e+00 -1.559335434092580019e+00
4.596350898530838336e+00 1.837380983448104743e+00
1.744607275930527113e+00 -3.291682556577249397e+00
3.248676719117999934e+00 2.827377143796947934e+00
1.445758292273019441e+00 -1.751952212739053216e+00
2.096042752237620821e+00 1.442774647566315016e+00
2.148284129931082198e+00 3.084493328386257005e+00
2.313779289321551413e+00 4.471184089707862519e+00
1.027377432321627815e+00 -3.431419574573573161e+00
2.099676854333303755e+00 -1.110328185156189029e+00
2.945612324959450135e+00 2.478306127345041077e+00
3.141704294678253628e+00 4.178369887618577749e+00
1.156648904463382310e+00 2.695753328817261707e+00
1.620931623225283502e+00 4.415410628027533591e+00
1.771852390268498390e+00 2.736132624072756592e+00
-1.730621965800147599e-01 -6.013709754326618251e-01
1.773421132841833670e-01 1.314131205247972778e+00
9.014239535216068688e-01 3.549905051003936940e+00
6.436267066318874797e-01 2.749561268136209158e+00
9.251299506274340834e-01 4.185601868678799242e+00
1.294719015622184943e-01 4.142322315879061634e+00
3.745792804915278329e-01 5.364254017636864269e+00
-2.841936145964920613e+00 -7.450230392789667366e-01
3.825740790794393553e-01 4.177807562410407627e+00
7.299021056099581628e-01 5.504276434914898708e+00
-8.745145152545417133e-01 3.502704447797681642e+00
-5.288062212078018520e-01 5.050867755753041699e+00
-2.146151346898937662e-01 3.760748982609961821e+00
1.154904486426347049e-01 5.152882192070300071e+00
-2.260962647014226778e+00 3.267889044601867132e-01
-2.369397017902346025e+00 3.550195545549655662e+00
-1.437423051232241678e+00 2.218924311723158294e+00
-1.357364195410062591e+00 4.080821519860649893e+00
-1.188034991042754562e+00 3.095668904294234913e+00
-9.307859977795319706e-01 4.827588269705632484e+00
-8.303692653934904300e-01 3.413984164891122663e+00
-7.506312112986393004e-01 4.672044920373084054e+00
-8.688873175203082333e-01 5.389816685215044423e+00
-1.722786634650391280e+00 4.488474310478070883e+00
-1.585890859204945658e+00 5.538163554470513894e+00
-2.263354625662860720e+00 5.533431411762614438e+00
-2.087740369117675687e+00 6.461407943605250281e+00
