1.782782787033047045e-01 -1.594978059863351449e-01 4.410322118694934845e-01
1.090214203958468131e+00 1.233476481399963243e-01 -2.826825842441502146e-01
2.190454312903740597e+00 -3.586945851485348613e-01 3.249194157510556513e-01
-2.787329097156578506e+00 1.783474914691610819e-02 4.535711961176389639e-01
1.048460117820709803e+00 -6.602466687638984810e-01 1.299124967121871643e+00
1.956348471454690263e-01 8.811799987811860246e-01 -2.347996824460220289e+00
1.851321736219817327e+00 1.176511980168585936e+00 3.146074591952746635e-01
2.945961911493737428e+00 7.168278930446438935e-01 9.912108680578566311e-01
-7.135782119326149475e-01 -8.543317227288828031e-01 8.659284900844872457e-01
2.025827637437583206e+00 1.185407661179865846e-01 -2.443253845412771241e+00
1.634660046675303346e-01 -1.647549149212706343e+00 7.178463126949674589e-01
-7.817395080955801268e-01 1.080689151871240122e-01 -4.355573686617388862e-01
8.300429998488317862e-01 4.967976434207965197e-01 -3.356331493986257186e+00
-1.811253068434034663e+00 -6.778305327010301085e-01 -2.724080347337509145e-01
-7.391601466509176710e-01 4.842500018639895321e-01 1.153553623944466144e+00
-1.820911667765912956e+00 8.117207925543514779e-01 9.440009469301796630e-02
7.712076241305182434e-01 8.649546949099509163e-01 1.313017605270787591e+00
-1.744079075086484965e+00 -2.498978747530084810e-01 1.584780221948152379e+00
-4.640404834621832286e+00 -9.622515790649537326e-01 8.542019386122565727e-01
1.747585935414245117e+00 -2.297351649761769643e-01 -1.269964253862437609e+00
