-3.669342176241341402e-01 -3.014741404077732057e-01
-7.607480936949946315e-01 8.295351620020881001e-01
-2.173684337660323873e+00 6.763463680538038814e-01
2.295730462955263729e+00 -1.685306750120269870e+00
-1.712405864364047403e+00 -8.217092898003848234e-01
1.103839442725848885e+00 2.261237261829215583e+00
-1.814582634204036538e+00 1.138395876037219256e+00
-3.118351738016847730e+00 8.484751449091249009e-01
2.969529526221061921e-01 -1.016265781954213798e+00
-4.893277130917854101e-01 3.156197060196498150e+00
-9.796513546104901327e-01 -1.555205802999437559e+00
8.918972687371367059e-01 3.640901421067231636e-02
1.000492931936378893e+00 3.370965286785562398e+00
1.882480914268995775e+00 -4.615043297909503517e-01
4.521237135870204149e-02 -1.486647498557014835e+00
1.651681256085010929e+00 -1.012362213047541593e+00
-1.349554765377782628e+00 -4.637179952752424339e-01
8.624415996050219801e-01 -2.216831145390189217e+00
3.553344552566822134e+00 -3.291540877914671093e+00
-8.188330342168438358e-01 1.995004651233505122e+00
