4.818146772329543914e+00 4.925569479332777556e-01
2.847434320536883501e+00 -1.546821243480117972e-02
1.929103357760362236e+00 -1.712104334397678285e-01
2.015699299550807844e+00 1.265781102939116831e+00
9.245578679684021139e-01 1.167364384502798558e+00
-4.651960630758575355e-01 -2.472017601841893786e+00
-1.210393052994632290e+00 -3.300756487583564436e+00
-2.277061877031834491e+00 -2.238979989916657143e+00
1.785076707100134774e+00 -7.522029738590658710e-01
6.933791591535576337e-01 -5.602883969821861321e-01
8.445386655512909790e-01 6.396699877639275833e-01
1.427883530257155198e-01 1.832688714295639620e+00
-1.144555258406155657e-01 4.624410964143262359e-01
-8.061998669883272406e-01 1.179357344914006456e+00
-1.105655477382230689e+00 -2.101155175187924551e-01
-2.135410456593310524e+00 1.710414712263222670e-01
-1.848087705435390582e+00 -1.110591490350005595e+00
-8.824998256153734344e-01 1.683121521848901736e+00
-2.147534212325326486e+00 7.559106978884285732e-01
-3.008230439693799774e+00 1.181697834199989305e+00
