[2.1875, -10.977892154228854]
[2.125, -10.74405323880597]
[2.25, -11.20570371641791]
[2.0625, -10.506103835820895]
[1.9375, -10.026550666666667]
[2.0, -10.266080019900498]
[1.25, -8.038925935323382]
[1.3125, -8.146950970149254]
[1.5, -8.564043074626866]
[1.875, -9.789923726368158]
[1.1875, -7.944935751243781]
[1.4375, -8.408956477611941]
[1.375, -8.270044233830845]
[1.625, -8.921578502487561]
[1.75, -9.33529435323383]
[1.6875, -9.12226787562189]
[1.5625, -8.735166074626866]
[1.8125, -9.558641313432837]
[0.75, -7.5795694129353235]
[0.8125, -7.608112915422886]
[0.6875, -7.556562094527363]
[0.875, -7.642944447761193]
[1.125, -7.863783542288557]
[0.9375, -7.684912796019901]
[1.0, -7.734977751243782]
[1.0625, -7.79421115920398]
[0.625, -7.538441263681592]
[0.375, -7.5042987363184075]
[0.5, -7.5146258308457705]
[0.4375, -7.507978502487562]
[0.5625, -7.5246305771144275]
[0.3125, -7.50324564676617]
[0.1875, -7.507778706467661]
[0.25, -7.504488661691543]
[0.125, -7.512844805970149]
[2.4375, -11.837760492537313]
[2.375, -11.636890159203979]
[2.3125, -11.425832268656716]
[2.1875, -10.977892512437812]
[1.9375, -10.026550004975125]
[2.25, -11.205702711442788]
[2.125, -10.744053691542288]
[2.0, -10.266068572139305]
[1.25, -8.038926059701492]
[1.3125, -8.14695080597015]
[2.0625, -10.506101169154228]
[1.1875, -7.944935741293532]
[1.5625, -8.735157995024876]
[1.375, -8.27004431840796]
[1.5, -8.564043154228855]
[1.4375, -8.408956467661692]
[1.875, -9.789924810945275]
[1.625, -8.921588691542288]
[1.75, -9.335294592039801]
[0.75, -7.5795673681592035]
[1.6875, -9.122269184079602]
[1.8125, -9.558641835820895]
[0.9375, -7.68491296517413]
[0.6875, -7.556562890547263]
[1.125, -7.8637835174129345]
[0.8125, -7.608113174129353]
[1.0, -7.734978]
[0.875, -7.642944880597015]
[1.0625, -7.7942112089552245]
[0.625, -7.538441004975125]
[0.5, -7.514624781094528]
[0.4375, -7.507977616915423]
[0.375, -7.504300074626866]
[0.5625, -7.5246285024875625]
[0.3125, -7.503238039800995]
[0.1875, -7.507775985074627]
[0.25, -7.504490338308457]
[0.125, -7.512845298507463]
[-0.0625, -7.536523482587064]
[0.0, -7.527435059701492]
[0.0625, -7.5194694179104475]
[-0.1875, -7.55721923880597]
[-0.125, -7.546529815920398]
[-0.25, -7.568245985074627]
[-0.3125, -7.578754631840796]
[-0.375, -7.588968069651741]
[-0.4375, -7.600023223880597]
[-0.5, -7.6104348159203985]
Best lambda for matrix_nrow_329_ncol_21_nuniq_20_suniq_288_maxna_1.txt: 0.3125
fatal: could not read Username for 'https://github.com': No such device or address
[2.375, -11.75069564676617]
[2.125, -10.872129298507463]
[2.25, -11.328211407960199]
[2.4375, -11.946291293532338]
[2.3125, -11.54433152238806]
[2.0625, -10.635410985074627]
[2.1875, -11.10361927363184]
[2.0, -10.396027059701492]
[1.9375, -10.155796820895523]
[1.25, -8.12097932835821]
[1.1875, -8.023781014925373]
[1.3125, -8.23282839800995]
[1.375, -8.360312676616916]
[1.5, -8.664436288557214]
[1.625, -9.032890925373135]
[1.5625, -8.841000452736319]
[1.4375, -8.504108900497512]
[1.75, -9.456205696517413]
[1.6875, -9.238610074626866]
[1.875, -9.917353223880596]
[1.125, -7.940061243781094]
[1.8125, -9.683285313432835]
[0.75, -7.653151597014925]
[0.6875, -7.631404766169155]
[0.8125, -7.6808244776119405]
[0.875, -7.715239965174129]
[1.0625, -7.868568293532339]
[0.9375, -7.75731172636816]
[0.625, -7.614850756218906]
[1.0, -7.808050532338309]
[0.5625, -7.602838990049751]
[0.375, -7.588543169154229]
[0.4375, -7.590172512437811]
[0.5, -7.594785383084577]
[0.3125, -7.589488776119403]
[0.125, -7.604423497512438]
[0.1875, -7.597727343283582]
[0.25, -7.592659243781095]
[-0.0625, -7.6319741940298504]
[0.0625, -7.612501402985075]
[0.0, -7.621743666666667]
[-0.125, -7.643039920398009]
[-0.1875, -7.654824587064677]
[-0.3125, -7.680177313432836]
[-0.25, -7.6672298955223885]
[-0.375, -7.693656129353234]
[-0.4375, -7.707778427860697]
[-0.5, -7.722265049751244]
Best lambda for matrix_nrow_421_ncol_21_nuniq_20_suniq_366_maxna_2.txt: 0.375
Warning: Permanently added the ECDSA host key for IP address '140.82.112.3' to the list of known hosts.
To github.com:victor-m-p/humanities-glass.git
   53bca7e..a797d49  main -> main
[2.25, -11.367748084577114]
[2.4375, -11.984405616915424]
[2.375, -11.789628766169153]
[2.3125, -11.58373862686567]
[2.0625, -10.673691134328358]
[2.125, -10.911011960199005]
[2.1875, -11.142966114427862]
[2.0, -10.433445457711445]
[1.9375, -10.192392079601989]
[1.875, -9.953200950248755]
[1.25, -8.16719104477612]
[1.3125, -8.276839]
[1.375, -8.402203671641791]
[1.1875, -8.07210256716418]
[1.4375, -8.543979696517413]
[1.5, -8.702535865671642]
[1.5625, -8.877661756218906]
[1.8125, -9.718567676616916]
[1.625, -9.068534064676617]
[1.6875, -9.273709751243782]
[1.75, -9.491184940298508]
[1.125, -7.990423373134329]
[0.75, -7.713888592039801]
[0.6875, -7.693694691542288]
[0.8125, -7.739979651741294]
[1.0625, -7.920866547263682]
[0.875, -7.772778636815921]
[0.625, -7.6786607960199005]
[1.0, -7.862180547263681]
[0.9375, -7.813181835820895]
[0.5625, -7.668140825870647]
[0.375, -7.657903024875622]
[0.5, -7.661519293532339]
[0.4375, -7.6582652835820895]
[0.3125, -7.660000442786069]
[0.125, -7.6774638507462685]
[0.25, -7.66417712437811]
[0.1875, -7.67009923880597]
[0.0625, -7.6860011691542285]
[-0.0625, -7.705672646766169]
[0.0, -7.6954719651741295]
[-0.125, -7.716431621890548]
[-0.1875, -7.727623437810945]
[-0.25, -7.740542567164179]
[-0.3125, -7.752673029850746]
[-0.375, -7.764593014925373]
[-0.4375, -7.7767514029850755]
[-0.5, -7.793083616915423]
Best lambda for matrix_nrow_502_ncol_21_nuniq_20_suniq_435_maxna_3.txt: 0.375
To github.com:victor-m-p/humanities-glass.git
   0f538c0..f1f2440  main -> main
[2.25, -11.383929621890548]
[2.3125, -11.600453830845773]
[2.4375, -12.001457039800995]
[2.375, -11.80663623880597]
[2.0625, -10.687186472636816]
[2.1875, -11.158396323383085]
[2.0, -10.445847696517411]
[2.125, -10.925515651741295]
[1.9375, -10.20384288557214]
[1.875, -9.963870676616915]
[1.375, -8.420663283582089]
[1.3125, -8.297672895522387]
[1.4375, -8.560234731343284]
[1.25, -8.190400079601991]
[1.1875, -8.09763719402985]
[1.5, -8.716797567164178]
[1.125, -8.018156149253732]
[1.5625, -8.890203651741293]
[1.6875, -9.284124686567164]
[1.625, -9.079775751243782]
[1.75, -9.501285417910447]
[1.8125, -9.728755442786069]
[0.6875, -7.732750308457711]
[0.75, -7.751735706467661]
[1.0625, -7.950654980099502]
[0.8125, -7.776490830845772]
[0.875, -7.807822582089552]
[0.9375, -7.846621029850746]
[0.625, -7.718792099502488]
[1.0, -7.89387115920398]
[0.5625, -7.70919868159204]
[0.375, -7.7009289701492545]
[0.3125, -7.7034260845771145]
[0.4375, -7.700769467661692]
[0.5, -7.7033703432835825]
[0.125, -7.721387114427861]
[0.25, -7.7078846467661695]
[0.1875, -7.713971432835821]
[0.0625, -7.729878751243781]
[0.0, -7.7391968308457715]
[-0.0625, -7.749170089552239]
[-0.125, -7.759629009950249]
[-0.1875, -7.770439019900497]
[-0.25, -7.781550935323383]
[-0.3125, -7.794555104477612]
[-0.375, -7.806105089552239]
[-0.4375, -7.817566507462686]
[-0.5, -7.829638014925373]
Best lambda for matrix_nrow_541_ncol_21_nuniq_20_suniq_471_maxna_4.txt: 0.4375
Warning: Permanently added the ECDSA host key for IP address '140.82.113.3' to the list of known hosts.
To github.com:victor-m-p/humanities-glass.git
   440df1e..a1c29a9  main -> main
[2.4375, -12.008737995024875]
[2.375, -11.813454572139305]
[2.3125, -11.606622900497513]
[2.0625, -10.689444079601989]
[2.25, -11.389275288557215]
[2.1875, -11.162775278606965]
[2.0, -10.446947223880597]
[2.125, -10.92882604477612]
[1.9375, -10.204087597014926]
[1.4375, -8.564748597014926]
[1.875, -9.96342715920398]
[1.375, -8.426948338308458]
[1.25, -8.19995893034826]
[1.5, -8.719747800995025]
[1.1875, -8.108591766169154]
[1.3125, -8.305693542288557]
[1.8125, -9.727951945273631]
[1.5625, -8.891740850746269]
[1.125, -8.030272691542288]
[1.625, -9.080139243781094]
[1.6875, -9.283684129353235]
[1.75, -9.500448412935324]
[0.75, -7.7658756069651735]
[0.6875, -7.746608064676617]
[0.8125, -7.790771910447761]
[1.0625, -7.963675482587065]
[0.875, -7.822090034825871]
[0.9375, -7.86069392039801]
[0.625, -7.732244054726368]
[1.0, -7.907537507462687]
[0.5625, -7.72212512437811]
[0.375, -7.711658278606965]
[0.4375, -7.712318358208955]
[0.3125, -7.713289084577115]
[0.5, -7.715656477611941]
[0.125, -7.728700940298507]
[0.25, -7.7168643333333335]
[0.1875, -7.722088437810945]
[0.0625, -7.736463472636816]
[-0.0625, -7.754668139303483]
[0.0, -7.745175119402985]
[-0.125, -7.764786995024876]
[-0.1875, -7.775421592039802]
[-0.25, -7.786503985074627]
[-0.3125, -7.7992525124378105]
[-0.375, -7.811179835820895]
[-0.4375, -7.823026661691542]
[-0.5, -7.834790104477612]
Best lambda for matrix_nrow_561_ncol_21_nuniq_20_suniq_491_maxna_5.txt: 0.375
To github.com:victor-m-p/humanities-glass.git
   a1c29a9..b8f867b  main -> main
[2.4375, -12.027148980099502]
[2.3125, -11.623050721393033]
[2.375, -11.831099104477612]
[2.1875, -11.175487597014925]
[2.25, -11.404042706467662]
[2.0, -10.452137004975125]
[2.0625, -10.697271537313432]
