[2.25, -10.580074960199006]
[2.4375, -11.217730154228857]
[2.125, -10.141944298507463]
[2.375, -11.009742517412937]
[2.1875, -10.361255975124378]
[2.3125, -10.79674104477612]
[2.0625, -9.923913049751244]
[1.375, -8.079905582089554]
[1.3125, -7.985676865671642]
[1.5625, -8.439148104477612]
[1.4375, -8.18650111442786]
[1.625, -8.585697412935323]
[1.875, -9.296118925373134]
[1.5, -8.306113950248756]
[1.6875, -8.745496487562189]
[1.8125, -9.10187787562189]
[2.0, -9.709007641791045]
[1.75, -8.91790227363184]
[1.9375, -9.499140208955223]
[1.25, -7.902993850746269]
[0.8125, -7.570994562189054]
[0.875, -7.5978627960199]
[0.9375, -7.630349253731343]
[0.75, -7.549152880597015]
[1.0, -7.669118810945273]
[1.0625, -7.714915039800995]
[1.125, -7.768558328358209]
[1.1875, -7.830938567164179]
[0.6875, -7.531810368159205]
[0.5, -7.502351492537313]
[0.625, -7.518500990049751]
[0.4375, -7.4987965223880595]
[0.5625, -7.508806323383084]
[0.375, -7.497834995024876]
[0.1875, -7.507810502487563]
[0.25, -7.502587980099502]
[0.3125, -7.499184855721394]
[0.0625, -7.522810905472637]
[0.125, -7.514624024875622]
[0.0, -7.5321663333333335]
[-0.0625, -7.542484845771144]
[-0.125, -7.553577746268656]
[-0.1875, -7.565253781094527]
[-0.25, -7.577342900497512]
[-0.3125, -7.589677363184079]
[-0.375, -7.602048835820895]
[-0.4375, -7.61318295522388]
[-0.5, -7.622273547263681]
Best lambda for matrix_nrow_329_ncol_21_nuniq_20_suniq_288_maxna_1.txt: 0.375
