for log-sparsity=-1.000000, Log-l of held-out data is: -7.855073
for log-sparsity=5.000000, Log-l of held-out data is: -13.853088
for log-sparsity=1.000000, Log-l of held-out data is: -7.699312
for log-sparsity=1.291796, Log-l of held-out data is: -8.020940
using brent method
 iter [    lower,     upper]       min  err(est)
    0 [-1.0000000, 5.0000000] 1.0000000 6.0000000
for log-sparsity=2.527864, Log-l of held-out data is: -11.949947
    1 [-1.0000000, 2.5278640] 1.0000000 3.5278640
for log-sparsity=0.740371, Log-l of held-out data is: -7.565810
    2 [-1.0000000, 1.0000000] 0.7403709 2.0000000
for log-sparsity=0.629092, Log-l of held-out data is: -7.536346
    3 [-1.0000000, 0.7403709] 0.6290917 1.7403709
for log-sparsity=0.006834, Log-l of held-out data is: -7.550911
    4 [0.0068341, 0.7403709] 0.6290917 0.7335368
for log-sparsity=0.347752, Log-l of held-out data is: -7.512160
    5 [0.0068341, 0.6290917] 0.3477521 0.6222577
for log-sparsity=0.354442, Log-l of held-out data is: -7.512053
    6 [0.3477521, 0.6290917] 0.3544422 0.2813396
for log-sparsity=0.459349, Log-l of held-out data is: -7.514346
    7 [0.3477521, 0.4593490] 0.3544422 0.1115968
for log-sparsity=0.394513, Log-l of held-out data is: -7.512023
    8 [0.3544422, 0.4593490] 0.3945130 0.1049068
for log-sparsity=0.375618, Log-l of held-out data is: -7.511900
    9 [0.3544422, 0.3945130] 0.3756181 0.0400708
for log-sparsity=0.375564, Log-l of held-out data is: -7.511902
   10 [0.3755643, 0.3945130] 0.3756181 0.0189487
Best log_sparsity: 0.375618


params=[-3.5739794545e-02, 2.1317189141e-01, -1.2605726413e-02, 4.4542654170e-02, -1.1915117805e-01, 1.7074557945e-01, 9.1753113498e-03, 9.4361784708e-02, 6.1648830515e-02, 5.9732545556e-02, -7.7394812182e-02, 2.0373577004e-01, -1.1444922643e-01, 1.7180376129e-01, 1.4054167571e-01, -9.6893273931e-02, -1.2786263856e-02, 2.9366367685e-02, 1.1014292344e-01, 1.4944172057e-01, 3.9509252946e-02, -5.3065038502e-02, 1.1475440560e-01, 2.0197085272e-01, -4.6823906296e-01, -3.9329931674e-01, 1.2213734588e-01, 3.0672510319e-02, 1.5522737178e-01, -7.2878860871e-02, -1.2441975003e-01, -3.0601638761e-01, -1.9191839058e-01, 3.3723898749e-03, 2.1518816875e-02, 1.3201962677e-01, 1.6464054411e-01, -5.0607484480e-02, 1.4006716180e-01, 8.6526990742e-02, 4.5127268859e-01, 1.4633843827e-01, 7.6902402687e-02, -1.7451681145e-02, -8.3390233093e-05, 1.3786288918e-01, -1.3485403048e-01, -2.7335425810e-01, 3.9977274112e-02, 1.0145026914e-02, -6.4836219885e-02, -1.2507074240e-01, 4.3526223445e-02, 2.2750246260e-01, 5.4915047250e-01, 1.0664971907e-01, -1.1193807698e-01, -4.0951527688e-02, 2.0478497577e-01, 1.3506621163e-01, 3.8760247004e-01, 1.0365128681e-01, 8.3184981921e-02, -2.3266479421e-01, -1.8371529018e-01, -2.1106298171e-01, -2.0216370848e-01, 1.3242127650e-02, -8.7838831368e-03, -1.5085083482e-01, -9.3952467255e-03, 1.0209608476e-01, -4.8646826081e-02, -1.7337684648e-01, 1.8818225317e-01, 1.3537422016e-01, 1.0211182830e-01, 2.7639241218e-01, -2.3071912143e-01, -1.9734198626e-01, -2.1771131072e-01, -1.8699403557e-01, -5.1485835683e-03, 4.2711097530e-02, 2.3300389966e-01, 1.0847635565e-01, 8.7851811376e-02, 1.9306413182e-01, -5.7115574337e-01, -2.3486583470e-02, -6.8385524796e-02, -1.7762693793e-01, -8.3475435982e-02, -6.9074434099e-03, 7.2922242252e-02, -6.1943352069e-02, 8.8180781011e-02, -5.6427557675e-02, 1.0944976253e-01, 2.6812200662e-01, 2.7578759267e-01, 6.8233518493e-02, 2.1470972807e-01, -1.6515905442e-01, 2.0019607766e-01, 1.5874796676e-01, -1.7557175219e-01, -2.1140036614e-01, -7.2197855139e-02, 1.0244732245e-01, 9.6166625335e-02, 1.3297858675e-01, 4.0217815842e-01, -2.2384276148e-02, -1.5940858113e-01, 4.2220726260e-02, 2.3679659726e-01, 2.4033749275e-01, 3.3602917824e-01, 2.5592047550e-01, 2.9290791543e-01, -1.2744094249e-05, 1.2702308085e-01, 9.7987567850e-03, 4.4151612707e-01, 2.0918539334e-01, 6.0513362844e-02, -2.8385095500e-02, -8.2556813332e-02, 1.4909499403e-01, 1.2618036775e-01, 1.7555551538e-01, 5.8783904509e-02, 5.9238468359e-02, 2.8349883541e-01, 8.5201135857e-02, 7.2332628005e-02, 1.4654920743e-02, -6.4116046456e-02, -5.6284014576e-02, -7.8477725874e-02, 5.7147481465e-03, -1.3025970308e-02, 1.1207280373e-01, -2.2262418448e-02, 4.8770442794e-01, 4.5931808987e-01, -2.6825319068e-01, -2.3396492510e-01, -2.5024573912e-01, -2.4939649072e-01, 5.7251343694e-03, 1.2976944914e-01, -1.6321245470e-01, 5.3817253381e-01, 1.9825964892e-02, 3.8797072415e-02, 9.6749336538e-03, 6.2214803192e-02, -9.5867159739e-03, 2.8408754686e-01, -1.7011716898e-01, -2.3972024635e-02, -3.9076976851e-02, -4.8914275385e-02, 4.4575524788e-02, 2.9238388116e-01, -1.2703623436e-01, 2.4133543201e-01, 3.7426883743e-01, 4.1079658414e-01, 4.3017488125e-01, 2.3193600878e-03, -1.4897520878e-02, 6.6833769472e-02, 6.5337628171e-01, 2.8330091987e-01, 9.9223031190e-03, -1.4382147080e-02, 3.2551712832e-01, 3.3258518189e-01, -2.8191667578e-02, -4.0228166783e-02, 2.6317690569e-01, 1.0981069111e-01, 5.4121661912e-02, 2.4658532040e-02, 5.1684382798e-01, 1.1826460913e-01, 1.1384613340e-02, -5.8949135305e-02, 4.5128174167e-02, 2.9762208306e-02, 9.3091119421e-02, 9.5325334766e-02, 2.5555834780e-02, -6.9318989932e-03, -1.2877542912e-01, 2.9741326758e-02, 7.3476642109e-02, 1.2918236848e-01, -4.7511969129e-02, 2.0833130365e-02, -2.5338529665e-01, -1.7462048663e-01, -1.9821669556e-01, -2.2238046080e-01, 8.9301957939e-02, 5.9049422155e-02, -7.5498050725e-02]
Clock time: 3191.398683000000 seconds.


n=20; maxNA=0; NN=1; Best Log-Sparsity: -0.075498050725; Clock time: 3191.398683000000 seconds.
