for log-sparsity=-2.000000, Log-l of held-out data is: -8.361274
for log-sparsity=5.000000, Log-l of held-out data is: -13.855853
for log-sparsity=1.000000, Log-l of held-out data is: -7.933654
for log-sparsity=0.673762, Log-l of held-out data is: -7.768255
using brent method
 iter [    lower,     upper]       min  err(est)
    0 [-2.0000000, 5.0000000] 1.0000000 7.0000000
for log-sparsity=2.527864, Log-l of held-out data is: -12.296576
    1 [-2.0000000, 2.5278640] 1.0000000 4.5278640
for log-sparsity=0.636759, Log-l of held-out data is: -7.759403
    2 [-2.0000000, 1.0000000] 0.6367592 3.0000000
for log-sparsity=0.492983, Log-l of held-out data is: -7.738961
    3 [-2.0000000, 0.6367592] 0.4929827 2.6367592
for log-sparsity=0.458086, Log-l of held-out data is: -7.736910
    4 [-2.0000000, 0.4929827] 0.4580856 2.4929827
for log-sparsity=-0.480820, Log-l of held-out data is: -8.149300
    5 [-0.4808195, 0.4929827] 0.4580856 0.9738022
for log-sparsity=0.412583, Log-l of held-out data is: -7.735702
    6 [-0.4808195, 0.4580856] 0.4125828 0.9389051
for log-sparsity=0.402203, Log-l of held-out data is: -7.735645
    7 [-0.4808195, 0.4125828] 0.4022032 0.8934023
for log-sparsity=0.400126, Log-l of held-out data is: -7.735642
    8 [-0.4808195, 0.4022032] 0.4001258 0.8830227
for log-sparsity=0.063635, Log-l of held-out data is: -7.768605
    9 [0.0636346, 0.4022032] 0.4001258 0.3385686
for log-sparsity=0.398964, Log-l of held-out data is: -7.735642
   10 [0.3989637, 0.4022032] 0.4001258 0.0032395
Best log_sparsity: 0.400126


params=[-2.1413809879e-01, 3.0915952078e-01, 1.8272686685e-02, 8.6734491577e-02, -7.9688757147e-02, 1.8457087256e-01, -8.9385915032e-03, 6.0978784021e-02, 1.0375533181e-01, 1.0714032178e-01, -1.7056054180e-01, 1.6637635026e-01, -1.1031955269e-01, 2.1232760847e-01, 2.2968740769e-02, -6.8342545099e-02, -9.8081871266e-03, 1.2266911990e-01, 9.1815499891e-02, 5.7447599858e-01, 1.2694892873e-01, -2.8553368523e-02, 1.3625536628e-01, -1.3364966863e-02, -3.4172625198e-01, -4.0394612450e-01, 1.6806804801e-01, 2.4203005590e-03, 1.5706420741e-01, -3.9590138518e-02, 8.5912076445e-03, -1.6977772797e-01, -1.0386326434e-01, 2.4991474268e-01, 1.4780082951e-01, 1.9151494436e-02, 1.6289357658e-01, -1.1449062984e-02, 8.9409396543e-02, 6.7304618733e-02, 1.9709708433e-01, 1.8313119027e-01, 1.0907606347e-01, 3.0257904164e-02, -9.2268961154e-02, 1.4974946639e-01, 2.2676761258e-03, -6.1517624974e-02, 5.3120300880e-02, 4.1699734076e-02, -3.8544614611e-03, -6.8738302541e-02, 1.2592850435e-01, 4.1059006522e-01, 5.0600049794e-01, 6.5223512106e-02, 2.4726954244e-01, 1.1058495724e-01, 1.6685287600e-01, 2.3868649763e-01, 1.4405146576e-01, 2.2567227053e-02, 1.0084235139e-01, -1.9785121049e-01, -1.1136165815e-01, -1.0760933032e-01, -2.3779202826e-01, 1.7736006171e-02, 4.8404337315e-02, -2.5449893247e-01, 1.4653107371e-01, 9.9536738033e-02, 7.7005723231e-02, -1.2644238516e-01, 1.8750189609e-01, 1.9689084346e-01, 6.8549152792e-02, 2.0919990921e-01, -2.5015397716e-01, -1.4966844295e-01, -1.6826018172e-01, -1.5521474911e-01, 2.2406125333e-02, 3.8749423799e-02, -6.3850474834e-02, 2.7451532727e-01, 4.4173289206e-03, 1.3532932804e-01, -2.9184955568e-01, -6.5328220705e-02, -6.0195337451e-02, -1.6059351570e-01, 6.1561772770e-02, 1.3068278994e-01, 6.9715500745e-02, 1.3087658966e-01, 5.4164298541e-02, 8.1961242365e-03, 1.7212781273e-02, 9.7664555275e-02, 3.6928001183e-01, 1.4799213769e-01, 1.8041835376e-01, -8.0724483746e-02, 1.8548502993e-01, 5.8825713501e-02, 2.5465121567e-02, -1.1445051369e-01, 1.3679662321e-02, -2.9068056177e-02, 1.1330904539e-01, -3.8238726645e-03, 4.1731776298e-01, 8.4597896686e-02, -1.6540296300e-01, 1.2845967775e-01, 3.1781700695e-02, 2.2734394715e-01, 4.3091367574e-01, 3.0292389981e-01, 1.7306438923e-01, 1.4290872397e-01, 6.2964893453e-03, -1.4618358623e-02, 4.1519542712e-01, 1.2065243555e-01, 1.1060367781e-01, 7.6909539351e-02, -3.7765323204e-02, 2.3105713334e-01, 9.5452167878e-02, 9.7489207314e-02, 9.9956083506e-02, 9.8996921640e-02, 7.2260184798e-02, 6.4726623633e-02, 7.5623553302e-02, 5.7183094199e-02, 2.0506199872e-02, 2.0987872333e-02, -1.2475094461e-01, 9.8682118372e-02, -6.3542914159e-03, 2.4444694029e-01, -9.9095521158e-02, 3.2371808702e-01, 2.4528693517e-01, -3.4946785449e-01, -2.4618684354e-01, -2.6573206299e-01, -2.6952057977e-01, 7.2301554755e-02, 1.3295945050e-01, -8.2445090225e-02, 8.1125633382e-01, 1.1056511971e-03, -1.2576273776e-03, 5.7612921275e-02, 8.3180805296e-02, 1.2200623622e-02, 1.7316619598e-01, -6.1004549160e-02, -3.1216943104e-02, 6.4452284942e-02, 1.0835555500e-02, 7.1473178664e-02, 1.0210707415e-01, -1.1897373672e-01, 1.4640069598e-01, 4.0199791581e-01, 4.2695134711e-01, 4.6773821571e-01, -4.5683594154e-02, -2.3652395120e-02, 1.4154982555e-01, 5.9099506979e-01, 3.7248897581e-01, 1.8011732428e-02, 8.7553445341e-02, 3.3753548721e-02, 3.5684942703e-01, 4.1688686908e-02, -2.7645644624e-02, 3.1800212013e-01, -5.7367286071e-02, -8.7889387657e-02, 3.7621395406e-02, 6.2959766718e-01, 1.4933696542e-01, -2.7334650904e-02, -6.6891660793e-03, 6.2301872699e-03, -3.8675266238e-03, 8.2202441342e-02, 1.1420504892e-01, -5.9987349997e-02, -5.0217590213e-03, -1.5379277649e-01, -7.1222253731e-03, -6.4012107118e-03, 1.6355275115e-01, 1.1436262895e-02, 2.7331105574e-02, -2.8748058245e-01, -1.9003100491e-01, -2.0787486193e-01, -2.2428631254e-01, 1.0503907837e-01, 4.8035165184e-02, -2.5615331393e-02]
Clock time: 124356.968047000002 seconds.


n=20; maxNA=7; NN=1; Best Log-Sparsity: 0.400126; Clock time: 124356.968047000002 seconds.
