7.202178558043899337e-02
7.271367534814875411e-01
3.805188625734967078e-01
6.083750824641420696e-02
2.219316163727128310e-01
1.668371636871334163e-01
7.470395365788030650e-01
-1.025791318829004373e-01
1.565338508254506822e-01
-4.270478696508623884e-01
-1.276494907917039345e+00
3.268092977201803029e-01
4.322180994297528667e-01
-3.710825102032209721e-01
1.134877311993803817e+00
-7.271828372993823786e-01
2.287925865072303402e-02
-9.359192501291679900e-02
7.663896071792287712e-01
7.346793849501425111e-01
7.747371284845815109e-02
1.890812598010867818e-01
-4.438928738150563769e-01
-9.903982341119634825e-01
-1.739560746630763044e-01
7.817448455199002555e-02
6.151453403638603712e-01
6.011899243922056435e-01
-1.936634087039761365e-01
-1.511513752876677830e-01
-5.242764825335463064e-01
-7.100089685894875879e-01
-8.531350953125063086e-01
9.753876976158948331e-01
-2.548260908758267496e-01
-2.190371508055931893e-01
-6.263976800249630994e-01
3.887451779159550314e-01
-8.069489237789757574e-01
-1.063701401069843538e-01
-4.477332805968378127e-01
1.934512489296310034e-01
-2.554025687844365122e-01
-5.903160920612060547e-01
-1.409111416932743409e-02
8.820261729838320131e-01
2.000786041836116469e-01
4.893689920528696002e-01
1.120446599600728899e+00
9.337789950749837420e-01
-4.886389399382055077e-01
4.750442087627946841e-01
-7.567860414884894360e-02
-5.160942589677892239e-02
2.052992509691861645e-01
