lam=-0.375
P norm set; p=1.000000
Sparsity is 35.984768
505 data vectors; 48710 total; 281649 NNs


params=[-2.2183357470e-02, 9.9845191637e-02, 1.2472440229e-01, 9.6155264529e-05, 2.6586432656e-04, 2.5894275664e-02, 3.4944189329e-01, -9.6980557568e-04, -4.4400381249e-05, -2.3487003980e-01, -2.1077154380e-04, 1.0919856034e-04, 6.4218113714e-01, 2.4580675298e-04, -4.7182565747e-01, 2.2988128754e-01, -2.9843216507e-04, 6.2664418328e-02, 2.8045280013e-04, 3.2384783784e-01, -3.6915617102e-02, -1.9781459024e-04, 7.8981246627e-04, -3.1861756747e-02, -1.5352809814e-01, 2.0474068094e-01, 4.1880376378e-01, -3.7168199450e-01, -9.7507970915e-05, 5.9237059254e-01, -1.0160954246e-01, 3.1363005332e-01, -9.6432521968e-02, 1.2243367957e-01, 5.2894933446e-02, 1.0317437859e-03, -4.0566826027e-01, 3.8232334532e-01, 1.0385598486e-03, -1.6192168356e-04, 3.6092241430e-01, -1.1276447719e+00, 2.5642126906e-01, 4.4114451847e-01, -4.9806991041e-02, -7.0789056670e-01, 8.0649079818e-01, -3.8334154118e-04, 2.1996247987e-02, 4.1392051758e-02, -5.4418785993e-03, 8.9351418365e-03, 1.2837397798e-01, -1.5109597255e-04, 1.0723036610e+00, 1.8346327138e-01, 9.1049648273e-02, -9.2269405922e-02, -2.0237523581e-01, 2.5988192508e-01, -7.1881058914e-04, 2.4740161747e-01, -3.1194539985e-01, 1.7806093686e-04, 8.9185733332e-04, -1.3667028285e-01, -2.9219803296e-05, 3.7032381260e-03, -1.3393654018e-01, 1.4836700275e-01, -3.8680838701e-05, 4.1906012314e-02, 1.8199330369e-01, -1.0704456260e-03, 1.5655595357e-01, 2.8003240304e-02, 7.4353874399e-02, 1.3879449504e-02, -1.7091561097e-01, -4.0480582576e-04, 8.6775327585e-05, -2.5127156655e-01, 8.1762516332e-05, 4.4609354640e-01, -5.8101896589e-04, -1.5745192692e-01, -8.1465803178e-01, -8.1509976019e-05, 1.1683223543e-01, 1.2232010709e-03, 2.1841103891e-01, -2.7305829502e-01, 4.3677300832e-01, -4.0723184860e-01, -7.7366131825e-05, -6.1123985210e-01, 3.9228706695e-01, 8.6722483591e-05, 4.9225232280e-01, -2.8511150012e-04, -2.8101228704e-01, -5.6355911204e-04, -6.1538802234e-05, -1.2412534221e-04, -1.5793666720e-01, -8.6452053164e-02, 6.0316058254e-01, 1.1589428926e-01, -9.0185821674e-02, -3.2312223800e-01, -3.8207906511e-06, -4.2669690268e-01, -1.1778916064e-04, 2.6071689193e-01, -2.1263741780e-04, -3.6915717472e-02, 1.7709476441e-04, -9.7546187815e-02, 3.9189154719e-02, -1.7835648975e-01, 1.5535298452e-02, 1.7640789869e-05, 3.4226283472e-01, -1.8395444798e-04, 3.2431314260e-01, -2.5424066025e-04, -7.7313082712e-02, 1.0415451685e-02, -8.2424291958e-05, 1.9838866520e-02, -1.3927339499e-01, -6.4957773365e-01, 2.4807376142e-01, 1.6013012748e-01, -3.2084733012e-02, 9.5065533378e-01, 4.0225659141e-01, -1.0036039432e-04, -1.0368718094e-04, -5.1650505538e-03, 1.8035722700e-01, -9.6514876099e-04, 5.2244785020e-05, 4.1820462380e-01, -4.8062700593e-01, 4.1213869265e-01, -2.3963818280e-04, 2.3344651527e-01, 6.3199048502e-05, 9.3637265752e-02, 9.3541590575e-04, 1.9408317458e-01, 7.8644112375e-03, 5.1614519294e-01, 2.4807100337e-05, -3.3020619681e-05, -3.9637934601e-01, -6.7665339085e-02, 1.1108567711e-01, 2.7028051270e-01, 9.0124269038e-04, -8.9137080664e-02, -1.6886007099e-01, 9.4937436629e-02, -7.1995458387e-04, -2.6635349275e-01, 1.9615797153e-01, -3.5239280881e-01, 3.1348068250e-01, -3.4379616378e-02, 8.1455246978e-01, -2.1644574490e-01, 1.4336202015e-01, -8.8548325406e-02, 1.9367142809e-02, 4.7678629016e-01, 3.4814637967e-03, 2.3273013463e-01, -1.5113754767e-05, -1.5030957545e-01, 5.9921751975e-01, 5.0507894327e-02, 2.3891484829e-01, -6.3205261854e-04, 1.1351618790e-01, -4.5253042557e-01, 2.3760439274e-01, 1.2486011782e-02, 3.8281446000e-01, 6.9894458991e-01, -1.1982343523e-03, 4.9122786578e-04, 7.4394866765e-05, 4.3767547965e-04, -2.2618495743e-01, 1.2933845335e-01, -6.7190205958e-04, -8.3571377119e-01, -1.5912793384e-04, 7.6289574784e-04, -9.3004524117e-05, -2.5258529280e-04, -4.7601215587e-01, 5.8438786125e-01, -3.5422654790e-01, -8.7341707767e-04, -3.3162853837e-01, 1.3825615790e-04, -1.4615487217e-04, 4.8654930639e-04]
Total LogL for data, given parameters: -5913.805480
Clock time: 4266.346182000000 seconds.

lam=-0.015625
P norm set; p=1.000000
Sparsity is 82.317792
505 data vectors; 48710 total; 281649 NNs


params=[-1.3551694939e-03, 3.3682086851e-04, 6.3301600142e-02, 1.3342623113e-04, -4.3194618877e-04, 9.7314035959e-05, 2.7498905295e-01, -4.9861897855e-04, 1.2131282516e-04, -1.3508833768e-01, -3.7923926177e-04, 1.7406983422e-04, 4.1787385737e-01, -7.6710793897e-05, -3.6071861963e-01, 1.6690019860e-02, -1.1020051238e-03, 2.3809750917e-03, -1.2757634564e-04, 2.9797662727e-01, -3.5704669795e-04, 8.5095133289e-05, 1.2970482885e-04, 2.0996261563e-04, -8.7141960206e-04, 1.8316614650e-01, 2.2724987919e-01, -2.2664473012e-01, -3.1040016655e-04, 5.7403026418e-01, -6.7642646426e-02, 2.7238957479e-01, -1.0831945662e-02, 1.2796068504e-04, 4.2123280910e-04, -5.9503798555e-04, -2.8978711861e-01, 2.3081151897e-01, 3.7798262161e-04, -9.7319794578e-06, 2.1559465151e-01, -8.8007497162e-01, 1.7674447677e-01, 2.7512233651e-01, -4.4639308133e-04, -4.6165443250e-01, 6.3956162609e-01, 1.2205297493e-04, 3.8089383863e-04, 1.1163322131e-03, -8.6538450897e-02, 2.0689472014e-03, 3.1292899069e-04, 1.0514395606e-03, 9.4426973544e-01, 9.6680704225e-02, 1.9623814164e-04, -7.5048952124e-03, -4.3538630660e-02, 2.4241502366e-01, -4.0150391815e-04, 1.9461154549e-01, -2.3413710274e-01, 7.2420128104e-05, -1.8125479431e-04, -5.9634945093e-04, -2.8340407322e-04, 4.8370729338e-03, 3.3461043065e-05, 1.5915497423e-02, -3.0644998361e-04, 3.2643228607e-02, 1.0594582081e-01, -6.8252593963e-05, 7.1461262236e-02, 4.8983311361e-04, 1.6204251298e-02, -3.4860726682e-04, -8.2555038096e-02, -6.2464407364e-05, -5.2468038895e-04, -1.0917684542e-01, 5.8552973197e-05, 3.0261354763e-01, -1.9256517548e-06, -3.5317824059e-02, -6.7797979190e-01, 3.4606743405e-04, 3.0156082177e-03, 1.2072085673e-01, 2.6352462722e-02, -2.2310239034e-01, 6.2025648775e-01, -4.6809907867e-01, 4.8641415064e-05, -5.5515803796e-01, 2.9866217997e-01, 1.7629234197e-04, 3.3049907079e-01, -2.5527209930e-04, -2.3471047436e-01, 8.5539090682e-05, -2.6397219852e-03, -3.3864304329e-04, -5.6443848134e-02, -3.7637127448e-03, 5.4124366007e-01, 4.0412297852e-02, -1.7884266369e-04, -2.8628444372e-01, -1.0217934476e-03, -4.1693402672e-01, -1.0646421917e-04, 6.5086007742e-04, -1.1167015801e-04, -4.9910530658e-05, 1.2030118907e-03, -1.6657628986e-01, 1.0765345412e-01, -7.3751536943e-02, 1.3922392455e-03, -1.8967207349e-06, 1.1713124404e-01, -9.1539813742e-04, 2.1931900829e-01, 4.9593215372e-04, -1.3874701756e-03, 8.3618554186e-05, -2.1982258409e-04, -1.1334629473e-04, -6.6225996264e-02, -6.0913668155e-01, 1.5931114658e-01, 5.9010170371e-02, -1.0369967189e-03, 7.1157799663e-01, 2.6578065336e-01, -4.7627451115e-05, 4.9799364444e-05, -7.6830666685e-04, 3.5591427049e-02, -4.7599247337e-04, 1.5882198377e-04, 3.5849658483e-01, -2.1280663801e-01, 4.0480559977e-01, 1.3159636726e-04, 1.5175941599e-01, -1.1235602911e-03, 7.3509144465e-02, 4.7406758605e-04, 1.6143018383e-01, 1.6626840157e-02, 3.5323177019e-01, 9.2484496216e-05, 9.3015734490e-05, -4.5437359183e-01, -5.0879987220e-04, 6.1329064069e-04, 8.6144369399e-02, 8.2539983265e-04, -5.0970686997e-05, -1.7355429396e-01, 3.5229723323e-02, -9.9570233919e-03, 2.6934768679e-04, 3.8020569034e-02, -1.0842877377e-01, 8.2648028667e-02, -1.6520708785e-02, 6.2673932471e-01, -1.2255830444e-01, 9.7869565900e-02, 5.6416697805e-06, 4.5229938677e-02, 3.5676648017e-01, 3.2137981219e-03, 5.8108206750e-05, -8.1927191374e-05, -5.0014723772e-02, 3.9171528450e-01, 3.2203237118e-02, 5.5897257187e-02, 3.9098325611e-04, 2.3640333419e-04, -2.1697507642e-01, -3.6004994852e-05, 2.1887167287e-03, 2.8322232421e-01, 5.5388624533e-01, -4.6676147813e-05, -5.5661034695e-05, 1.0985494350e-04, 1.2670271807e-03, -3.8850009395e-04, 6.6759993935e-02, -1.7913499055e-04, -2.2651131350e-01, 7.7273660577e-05, -3.8402637570e-05, 1.5755404980e-04, -1.6017135316e-05, -6.8430574204e-03, 2.2164498431e-01, -4.6931826323e-03, -9.9252235876e-05, -5.4626478739e-04, 6.8305814625e-04, -4.8702880405e-04, 3.6062584649e-04]
Total LogL for data, given parameters: -6432.436827
Clock time: 4715.603655000000 seconds.

lam=-0.96875
P norm set; p=1.000000
Sparsity is 9.169987
505 data vectors; 48710 total; 281649 NNs


params=[-3.9237461305e-02, 2.0530743425e-02, 1.0298947884e-01, 5.0906267582e-02, 2.3685986827e-02, 2.7039176892e-01, 3.5563664002e-01, 1.7223473256e-06, 2.1506127680e-06, -1.5048857076e-01, -2.3481410181e-01, 1.2492207237e-01, 7.9276983492e-01, -2.6241892301e-01, -5.9658169246e-01, 4.4271270317e-01, -3.3867849774e-02, 2.0566699477e-01, 6.0775514941e-02, 3.7299827837e-01, -1.4493161161e-01, 3.9232996391e-02, 5.6818486019e-02, -1.0840165063e-01, -3.8152404726e-01, 1.8388353062e-01, 5.3554550908e-01, -3.6296427310e-01, 1.0394120345e-06, 6.0392414549e-01, -1.4569945099e-01, 3.7084733555e-01, -2.0276369165e-01, 3.6704166775e-01, 2.5086968870e-02, 6.5460159607e-02, -5.5003887517e-01, 6.1033100099e-01, -1.3237776995e-02, -5.8740292901e-01, 5.7297088167e-01, -1.2798543000e+00, 3.8591660711e-01, 7.8565163283e-01, -3.5543214114e-01, -1.0980918400e+00, 9.6393448859e-01, 1.2558388386e-01, 1.4056789705e-01, 2.9782698247e-02, 2.0214433280e-01, 5.4720050424e-02, 3.1083631842e-01, -6.3358351291e-02, 1.2600784311e+00, 2.5465303270e-01, 1.5665609589e-06, -5.7846716752e-04, -3.7248114068e-01, 4.7983455811e-01, -2.3867708905e-01, 3.9200776610e-01, -4.3602342283e-01, -5.5641110915e-02, 3.1029795136e-01, -2.5910461273e-01, -5.7948737683e-02, -5.0199853634e-05, -3.8465911630e-01, 3.3593483099e-01, 6.3272394623e-06, 1.8510227817e-02, 1.4390159281e-01, -3.3833903188e-06, -8.3962872364e-02, 4.3568849442e-01, 1.2079628449e-01, 8.6033045185e-02, -2.0228396997e-01, -9.2398596819e-02, 5.0016910487e-02, -3.9351573223e-01, 1.6913041095e-02, 6.0843634265e-01, -6.9376456841e-02, -2.3793705232e-01, -1.2788739168e+00, 1.1927023178e-02, 5.9269450310e-01, -2.1511634839e-06, 2.3652921601e-01, -1.6560426880e-01, 7.2759738801e-02, -1.0427260584e-01, -4.1362806902e-02, -6.3924055399e-01, 1.5084445550e-01, -6.9749137172e-02, 7.4592007486e-01, -5.2080592902e-02, -4.0256792679e-01, -1.7157652829e-01, 1.7637466900e-01, 2.3495389024e-01, -2.5276413417e-01, -3.2245622637e-01, 6.8385862456e-01, 2.4618912854e-01, -4.7648628138e-01, -3.0356107674e-01, -9.3277337443e-07, -5.0468611741e-01, 2.4252364546e-06, 1.3303632048e+00, -4.6640390261e-01, -4.4335068406e-01, -1.0005652690e-05, -2.4925323543e-05, -2.1745095615e-05, -2.3552370548e-01, 1.9614128794e-05, 2.2230696341e-01, 4.9627367316e-01, 2.5282214538e-02, 3.7412117984e-01, 4.2684517259e-02, -8.2877488147e-02, 3.2468833986e-06, 1.1034499121e-02, 1.2113763539e-01, -1.7139512409e-01, -7.2854917846e-01, 3.1347645887e-01, 2.0835935036e-01, -1.3084814436e-01, 1.2676660916e+00, 5.7102104188e-01, 6.4669856234e-02, -2.3274124083e-03, -3.0976241811e-01, 3.4119220163e-01, 1.8561408760e-04, -1.3749751579e-01, 4.5200847413e-01, -5.2088267175e-01, 3.4030641522e-01, -7.3435754797e-02, 2.3084741725e-01, 8.2150342571e-02, 1.2801470748e-01, 1.6532158585e-01, 2.1341081040e-01, 1.7323132236e-05, 5.7633282722e-01, 3.2710678265e-02, 1.7961317514e-01, -4.5105060431e-01, -2.6885794679e-01, 3.7481052275e-01, 4.9372540694e-01, 1.4242224709e-01, -4.0296385799e-01, -2.2081988606e-01, 1.0933026646e-01, 7.3343094284e-02, -7.7339417300e-01, 4.1768940684e-01, -6.5063571426e-01, 4.8942114747e-01, 3.1448995114e-05, 9.9980751721e-01, -2.5434176169e-01, 9.6126659405e-02, -2.5992019934e-01, -1.9551615610e-07, 5.0206405535e-01, 5.7187123409e-02, 4.4411602761e-01, 4.6589143460e-02, -2.1081606700e-01, 7.5286090409e-01, 6.1654817113e-02, 3.8817114070e-01, -2.7014246130e-02, 2.7647538334e-01, -7.1613012373e-01, 6.3876998865e-01, 1.0608495601e-01, 4.5558885616e-01, 9.3042110038e-01, -4.9652423906e-03, 1.9210584121e-04, 8.9759840485e-01, 2.3960616338e-01, -7.7873564919e-01, 6.7055167708e-01, -2.4514274106e-01, -1.4004712153e+00, -2.5984750007e-04, 1.0914181948e-02, 1.1369014313e-01, -1.1582210062e-06, -1.1966530793e+00, 1.0941156646e+00, -1.0611471330e+00, 4.8384961913e-07, -1.3764941032e+00, 7.1225073962e-01, 1.2021472071e-11, 1.9006148241e-01]
Total LogL for data, given parameters: -5708.711758
Clock time: 7600.760105000000 seconds.

lam=-0.78125
P norm set; p=1.000000
Sparsity is 14.121106
505 data vectors; 48710 total; 281649 NNs


params=[-7.1044453259e-02, 8.2250732615e-02, 9.7309893132e-02, 2.7150958223e-02, 3.5221409272e-05, 1.9994961783e-01, 3.5373489689e-01, 6.7722007144e-06, 1.1647823148e-05, -1.7626623202e-01, -1.7421729907e-01, 8.9096469793e-02, 7.4898329891e-01, -1.7381360855e-01, -5.7207762039e-01, 4.0604966537e-01, -1.0690686114e-02, 1.9402462364e-01, 4.7022137008e-02, 3.6427908253e-01, -1.1087651702e-01, 1.6775327835e-02, 8.3234838815e-05, -9.9659539895e-02, -3.4756720507e-01, 1.9366010535e-01, 5.0781686262e-01, -3.3920550591e-01, 7.2188338932e-05, 5.9970895009e-01, -1.1021045959e-01, 3.5353668089e-01, -1.9406775226e-01, 3.3538814296e-01, 2.5218809382e-02, 5.5533595127e-02, -5.2805929385e-01, 5.6001726913e-01, -7.9966425107e-03, -3.1952275193e-01, 5.1444452929e-01, -1.2715362271e+00, 3.4944264647e-01, 7.3168552848e-01, -3.0818364150e-01, -1.0081532748e+00, 9.1572591867e-01, 4.8576529121e-02, 1.1746396312e-01, 6.5197730250e-02, 8.1266674456e-02, 4.0080220039e-02, 2.4431608143e-01, -1.6771015898e-02, 1.2140182414e+00, 2.4291195912e-01, 6.4068873034e-05, -8.1661030351e-04, -3.2717456133e-01, 4.1272096628e-01, -1.6968354818e-01, 3.6345482348e-01, -3.9816971820e-01, -1.3476882047e-02, 2.2691048228e-01, -2.4467427812e-01, -1.4812486795e-02, 6.1236095265e-05, -3.2339857392e-01, 2.9038197351e-01, 3.7170675401e-05, 3.2212180308e-02, 1.5032055761e-01, 6.3171628685e-05, -6.9495917925e-04, 3.3544598765e-01, 1.2068563239e-01, 7.5779464129e-02, -1.9535354288e-01, -3.9440595786e-02, 1.6101875132e-02, -3.6323346285e-01, 1.5270275091e-04, 5.7430176641e-01, -3.5827474632e-02, -2.9720583388e-01, -1.1486989436e+00, 1.3610013249e-04, 4.8108281099e-01, 1.7446090654e-04, 2.5075074668e-01, -2.1167962364e-01, 1.8204490807e-01, -1.5552187775e-01, -3.0192498172e-02, -6.3429666547e-01, 1.5556515140e-01, -2.9492341813e-02, 6.8449582136e-01, -1.1806885818e-02, -3.8464640408e-01, -1.3202072197e-01, 1.4274893849e-01, 1.8686575668e-01, -2.1606215574e-01, -2.6825061090e-01, 6.4984982326e-01, 2.1923736623e-01, -4.0065816970e-01, -2.9787636848e-01, 5.6221952709e-06, -5.0686014627e-01, -1.0196847439e-05, 1.1250550028e+00, -3.6769308709e-01, -3.7712287125e-01, 1.6418184687e-05, -1.5055197120e-02, -2.8638898954e-05, -2.0347946076e-01, 1.1819778157e-04, 1.4436208832e-01, 4.3613991846e-01, 5.5342276478e-05, 3.6987927945e-01, 1.0945900193e-04, -6.8210366614e-02, 9.1661404354e-05, 1.1385781315e-02, 1.0531004911e-01, -1.5361288041e-01, -7.2493247232e-01, 3.0330797636e-01, 1.9773328658e-01, -1.0748515390e-01, 1.2037561982e+00, 5.3539759545e-01, 3.8953893008e-02, 1.9147185974e-13, -2.3133701362e-01, 3.0300664666e-01, 4.5404427406e-05, -9.1647264850e-02, 4.4509633085e-01, -5.1557511636e-01, 3.5508664941e-01, -5.9129765391e-02, 2.5238335902e-01, 6.7081000957e-05, 1.3876442604e-01, 8.6305507682e-02, 2.2835308971e-01, -1.5860373548e-06, 5.6099330254e-01, 1.9790135898e-05, 1.2071701101e-01, -4.0914251583e-01, -2.3015093912e-01, 3.1465242172e-01, 4.6212598104e-01, 1.0922866483e-01, -3.5507885264e-01, -2.0351061521e-01, 9.9752021769e-02, 3.3015692523e-02, -6.2777587171e-01, 3.8632053148e-01, -5.6838040499e-01, 4.3583417956e-01, -6.7767593702e-05, 9.4845545863e-01, -2.2560677903e-01, 9.3197361298e-02, -2.3673314784e-01, 3.3472339101e-04, 5.1595138238e-01, 3.5404578349e-02, 4.1944708349e-01, 2.0780403370e-02, -2.1376407446e-01, 7.1119037874e-01, 4.7643365825e-02, 3.6153447789e-01, -7.3870615214e-03, 2.4612997466e-01, -6.3683819581e-01, 4.9782032739e-01, 7.3763391031e-02, 4.5319336158e-01, 8.7493078018e-01, -3.4518540249e-05, 7.9976055982e-06, 5.0168837107e-01, 1.5448826059e-01, -6.5295135631e-01, 4.4972723205e-01, -9.1951411128e-02, -1.2804107314e+00, 1.7515965836e-06, 8.3368702862e-04, 2.4512825415e-02, 2.9849581029e-05, -9.8493137592e-01, 1.0003159321e+00, -9.1032224315e-01, -1.8585527991e-04, -1.0776951743e+00, 5.8668731332e-01, -8.0612914897e-05, 5.1357366429e-02]
Total LogL for data, given parameters: -5730.298701
Clock time: 7760.867676000000 seconds.

