228
20
101111111X1X11X11011 1.0
10111110111001011110 1.0
1111X11X1X1X1111111X 1.0
1111111X111X11111X11 1.0
11100111111111111X11 1.0
100000XX000000011000 1.0
11X001110100X0X110X0 1.0
11000011000000111000 1.0
11000011000000111000 1.0
11111111111111111110 1.0
11100111111111111011 1.0
11111X11X1XX111110X1 1.0
10000000000000000000 1.0
11111111111111111100 1.0
01000100000010011010 1.0
1111111X111111111110 1.0
1111X111X1X111X11111 1.0
00000000000000011000 1.0
00101001001000011001 1.0
01111111110111111111 1.0
10111111111X11100111 1.0
111111111XXX11111101 1.0
11111111001010100000 1.0
01111111110010111110 1.0
10111111111X11100011 1.0
11111111111010111110 1.0
11111111111X11111111 1.0
11111111111X11111X11 1.0
10111011110000111000 1.0
11111111111X11111111 1.0
10000101010000011001 1.0
101111111111X11111X1 1.0
0X110101010000011011 1.0
101111111XX111X111X0 1.0
111111111XXX1X111X11 1.0
11111111X11X111111XX 1.0
1X111111101011101110 1.0
11110111110111111111 1.0
11111111111111111111 1.0
11111111111X1111111X 1.0
01100101000010111001 1.0
1111111111101X1111X0 1.0
1111111111101X1001X0 1.0
11100111111110111011 1.0
10111111111011111111 1.0
11111111111111111111 1.0
01111011111111111011 1.0
110000X11100X0011000 1.0
10000111110111111011 1.0
X0111011111111111011 1.0
11111111111111111111 1.0
11111111XX1X11111011 1.0
10100111100010111001 1.0
111111111XXX11111111 1.0
10111111111111111111 1.0
11111111111010111001 1.0
X0000000000000011000 1.0
11XXXXX1001010111000 1.0
11000001011010111010 1.0
11111111111011101111 1.0
11111111111000111001 1.0
00000001000000011000 1.0
11111111011010011001 1.0
11111111111001111111 1.0
11111111111X11111111 1.0
1X000001001010111XXX 1.0
11111001000XX0111001 1.0
1111111111XXXX111111 1.0
110001110XX11X111001 1.0
11111111111X11111111 1.0
11111111111111111111 1.0
01X00000000000011000 1.0
11111111111111111110 1.0
1111111111111111111X 1.0
11111111111X11111011 1.0
11111111111011111100 1.0
11000111010000011000 1.0
10111111111011100011 1.0
11111111111110111011 1.0
10111111101011111110 1.0
11111111111011111111 1.0
11111111111011111111 1.0
01101001101000111011 1.0
1111110111X011111101 1.0
11111011000011111010 1.0
11111011X11111111111 1.0
11111111100011111001 1.0
10111111111111111110 1.0
11111111111111111111 1.0
10111111111111100110 1.0
11111111111111111111 1.0
11111111011100111111 1.0
11111111111111111111 1.0
11111111111111111X1X 1.0
10111011101000011000 1.0
11111111011011111000 1.0
111111X11X111X11101X 1.0
111X111111X11X1111XX 1.0
1011111111111X111001 1.0
11111111X01X111110XX 1.0
10111111111111100010 1.0
11111111111111111111 1.0
110000110001X001X010 1.0
11111111111111110111 1.0
11111111111111111110 1.0
11111111111011110010 1.0
11111111111111111111 1.0
11111001011111111011 1.0
00111111111111111111 1.0
1111111111111X111101 1.0
10111111011101111110 1.0
11111111111111111111 1.0
11111111111011111110 1.0
11111111111X11111110 1.0
11111111111011101110 1.0
11111111011011111010 1.0
11111111111011111111 1.0
11111111111011111110 1.0
11111111111011111110 1.0
11111111101111111010 1.0
10111111111X11111111 1.0
11111111111X11111111 1.0
11111111111111100111 1.0
11111111111111111111 1.0
111101110110101110X0 1.0
111111X111111X1111X1 1.0
11111111111011111011 1.0
11111101000010111011 1.0
10111111100011011000 1.0
10XXX011111010111011 1.0
11111111111111111111 1.0
010000010X1100111001 1.0
11000101111110111001 1.0
10111111111111111110 1.0
11111111111111111101 1.0
11111111111111111011 1.0
10111111101011111011 1.0
11111111111111111110 1.0
11100111111111111101 1.0
11111111111011111110 1.0
10111111111X11X11011 1.0
10111111101011111001 1.0
111110110111X11110XX 1.0
10100111111111111111 1.0
1011111111111111101X 1.0
10111111111111111111 1.0
0X111111000011100011 1.0
1011111110X010011110 1.0
11111111101011111011 1.0
11000011XX0010011000 1.0
111XX111101011111011 1.0
11111111X10100011100 1.0
1110111111X11X111100 1.0
11111111111111111111 1.0
10111111111111111111 1.0
1111111111111X111111 1.0
0000000000000001X000 1.0
1110001111111X11101X 1.0
11111111001010X11001 1.0
1111X111110X111111X0 1.0
111111X1X11XX011110X 1.0
11111111X11X111111X1 1.0
11111011011X1X111001 1.0
11111111101111110110 1.0
111XX11111111111XX1X 1.0
11111111111111111111 1.0
XX000011000010111001 1.0
11111101000010111000 1.0
11111111111111111111 1.0
11X101111X1111111111 1.0
11111111011010111111 1.0
11111111X1101X111111 1.0
10000000000010011000 1.0
11111111111X11111111 1.0
10111111111XXX11111X 1.0
11111111111111111111 1.0
111XX111111X1111101X 1.0
11111X1111X111111111 1.0
11100111010011011100 1.0
1X111111111X1111111X 1.0
11110111X1X11X111110 1.0
11111111111X1X11101X 1.0
11111101010000011000 1.0
1X111111011010111111 1.0
1011111111XX1111111X 1.0
10000000000000000000 1.0
01111111111111111111 1.0
110001X111X1111111X1 1.0
11111111111111111100 1.0
10111111111111111110 1.0
11111111111010111111 1.0
11111111X11X11X11100 1.0
11111111100111111110 1.0
11111111111011111111 1.0
11111111111111111111 1.0
11100011000110111001 1.0
10111111111010100110 1.0
11111111110111111111 1.0
11111111111111111X1X 1.0
1111111111111111111X 1.0
111111111111111111XX 1.0
111001101100111110XX 1.0
11111111111X11111111 1.0
1X11111111XX11111X1X 1.0
11111111101111111011 1.0
11110011111111111111 1.0
11110111X00X101111X1 1.0
11111111111111111111 1.0
11111111111111111111 1.0
1X000000000000001000 1.0
1111111111XX11111111 1.0
1111X111X10XX1X11001 1.0
10001100100100111001 1.0
11111111111111111111 1.0
11111111111X11111111 1.0
11000010010011111001 1.0
11111111111111111111 1.0
11110111111111111001 1.0
11111111X1XXX111X011 1.0
11111011010011111111 1.0
11111111010111111111 1.0
11000111111111111111 1.0
11111111110111111111 1.0
11111111111111111111 1.0
11111111111X11111111 1.0
11111111111111111111 1.0
11000111111111111011 1.0
XX101111110111111111 1.0
