/var/spool/slurm/d/job13350737/slurm_script:23:in `block in <main>': undefined method `split' for nil:NilClass (NoMethodError)
	from /var/spool/slurm/d/job13350737/slurm_script:15:in `times'
	from /var/spool/slurm/d/job13350737/slurm_script:15:in `<main>'
45.97691445113333 per loop.
[0.16559520399061942, 6.96875, -1.0, 0.4748468221, 0.8144063876, 0.4753383968, 0.8374603473, 1.303736606, -1000.0]
231.76132955533333 per loop.
[0.26600423328182504, 6.8007048828, -1.0, 0.5709044395, 0.6917583652, 0.5721760596, 0.7339513008, 2.034700365, -1000.0]
180.2289679725 per loop.
[0.45175254308581825, 4.375168072, 4.7090418477, 0.3763356033, 0.0560117734, 0.38137802, 0.1919871672, 4.3511934887, -1000.0]
42.642791947 per loop.
[0.12393786386698841, 6.984375, -1.0, 0.4535637144, 1.1369155609, 0.4590720302, 1.0542595208, 1.349887368, -1000.0]
48.25907322 per loop.
[0.029538765021527538, 7.0, -1.0, 0.0890299691, 2.2708589159, 0.0926730182, 2.8076678739, 1.048534402, -1000.0]
67.882370617 per loop.
[0.3827111759990263, 6.2883313755, 6.497765777, 0.5567338026, 0.4482331345, 0.5571549171, 0.4219653977, 43.8107086832, -1000.0]
46.905850075 per loop.
[0.19248745926376978, 6.890625, -1.0, 0.5625304247, 0.8110606235, 0.5626523559, 0.7995406619, 2.1635315779, -1000.0]
73.776798325 per loop.
[0.28085478685432863, 6.7940271252, -1.0, 0.5509681267, 0.5410187162, 0.5510822447, 0.5521202715, 3.5909801509, -1000.0]
252.377102585 per loop.
[0.45616171533634986, 5.7955177007, 6.1157604583, 0.699273281, -0.0694680698, 0.7051124394, 0.0423417898, 9.4739074912, -1000.0]
43.576763271 per loop.
[0.16394270419636617, 7.0, -1.0, 0.5243969644, 0.9432753041, 0.5245431688, 0.9308031452, 1.4051108876, -1000.0]
192.88668624975 per loop.
[0.7924748205912316, 2.5657808566, 2.7018091621, 0.2640476541, -0.3350420575, 0.2786701629, 0.0415874105, 1.2088274821, -1000.0]
50.866355331 per loop.
[0.4571530461206572, 5.6477397637, 5.9342151406, 0.4407416528, 0.0078443365, 0.4409226065, 0.0251952911, 28.5345020544, -1000.0]
51.6708826575 per loop.
[0.5197688102714726, 1.1220402412, 1.2067056462, 0.0690395798, 0.3241720889, 0.101824621, 0.7611064672, 0.7904122538, -1000.0]
