37.017702161 per loop.
[0.9963469082522413, 2.8935957153, 3.0345525119, 0.7164362617, 0.6180983918, 0.7260629835, 0.4896667602, 3.3973065268, -1000.0]
41.549715207 per loop.
[0.6473397232541559, 4.0592188022, 4.3029618745, 0.5524033966, -0.4002129326, 0.5527125311, -0.370335543, 4.9673881817, -1000.0]
50.950975079 per loop.
[0.919720804350939, 3.7006101368, 3.9864720078, 0.8516441532, -0.9346183862, 0.8834933846, -0.5724661475, 22.8913115314, -1000.0]
56.699117654 per loop.
[0.4295006532037823, 4.9749018159, 5.3648650781, 0.7035155844, 0.0526610606, 0.7300532435, 0.3219691336, 56.7003992798, -1000.0]
33.221866446 per loop.
[0.6978047950637187, 4.5556175019, 4.9466827918, 0.8449913709, -0.5733500652, 0.848971645, -0.6762215454, 32.2043280536, -1000.0]
38.4744890455 per loop.
[0.7213053470719332, 3.3267206051, 3.4089573058, 0.2098881786, -0.582344231, 0.2450692436, -1.291796, 0.8753910961, -1000.0]
41.3318754665 per loop.
[0.14831207622041262, 6.984375, -1.0, 0.536764343, 0.8764706041, 0.5374249991, 0.8511327168, 1.6514196488, -1000.0]
49.767917407 per loop.
[0.1638926677038871, 7.0, -1.0, 0.5599020481, 0.9231859621, 0.5600825183, 0.9371783825, 1.4168430967, -1000.0]
52.128130805 per loop.
[0.17082044049041117, 7.0, -1.0, 0.5213521284, 0.9221767925, 0.5230521111, 0.8790952598, 1.4660052611, -1000.0]
40.598954881666664 per loop.
[0.029192951624435755, 7.0, -1.0, 0.0870767491, 2.3049516597, 0.0935440705, 4.9978976949, 0.9320236146, -1000.0]
41.71911111266667 per loop.
[0.02096612506448491, 7.0, -1.0, 0.0388192827, 2.4670636534, 0.0391108578, 2.3499924434, 1.143902272, -1000.0]
41.69495855666667 per loop.
[0.1744715243047417, 7.0, -1.0, 0.5505334943, 0.9135920166, 0.5530696859, 0.8629308864, 1.5949852046, -1000.0]
47.776751563 per loop.
[0.03527699130407995, 7.0, -1.0, 0.0963118718, 2.0984562923, 0.0966259984, 2.0358082945, 1.2225640269, -1000.0]
49.646274309999995 per loop.
[0.039001203324406215, 7.0, -1.0, 0.1144183363, 2.1726576621, 0.1161467969, 2.3996870238, 1.0165034485, -1000.0]
40.29905836475 per loop.
[0.48590936517348204, 3.3571904061, 3.6235901245, 0.5802132462, -0.4240854495, 0.6330052804, -0.0556314349, 20.4777191326, -1000.0]
39.90098840125 per loop.
[0.5675188241244353, 3.1763626529, 3.3471393535, 0.3278056891, 0.6749760542, 0.363243749, 0.8753417431, 17.8827743819, -1000.0]
43.66190252975 per loop.
[0.6212849970246367, 4.1633699141, 4.3818367624, 0.7363566515, -0.0928833094, 0.7608855049, 0.2149217674, 6.7628536886, -1000.0]
47.051064232 per loop.
[0.17951942037321408, 6.953125, 6.9544911766, 0.6205217092, 0.8747887713, 0.6269870643, 0.7952934635, 1.8579432778, -1000.0]
46.98745633575 per loop.
[0.7729170943095207, 2.4818656404, 2.6796969269, 0.7390571615, 0.3477778085, 0.7510099261, 0.6755541531, 11.419791437, -1000.0]
39.194544581 per loop.
[0.5904191748656579, 4.0177199203, 4.148180442, 0.2804927098, 0.2291140233, 0.2816198214, 0.2929225767, 10.8435248981, -1000.0]
44.0937825574 per loop.
[0.09992106565834695, 7.0, -1.0, 0.45851775, 1.1533328672, 0.4742697867, 1.307053383, 1.1089065118, -1000.0]
211.425487786 per loop.
[0.5185670770221444, 4.8671974374, 5.1147193043, 0.3932931596, -0.1538036363, 0.394500101, -0.0724925684, 21.0298328679, -1000.0]
46.074509439799996 per loop.
[0.8157927061619864, 2.7544469003, 2.9039600416, 0.5714183281, -0.6410716712, 0.6170817735, -0.200907995, 2.216444634, -1000.0]
46.535535696 per loop.
[0.09579168305412088, 7.0, -1.0, 0.4102915074, 1.1911420842, 0.4187444644, 1.0923027054, 1.4623194409, -1000.0]
47.061574724399996 per loop.
[0.2697783344300351, 6.9316024414, -1.0, 0.5951177001, 0.546311262, 0.5982932154, 0.605833199, 2.1541719675, -1000.0]
40.105759780166665 per loop.
[0.09394337520906246, 7.0, -1.0, 0.3792121447, 1.2412442736, 0.3793933855, 1.2244900342, 1.1736137127, -1000.0]
40.28035340833333 per loop.
[]
236.625846723 per loop.
[0.021024319897323767, 7.0, -1.0, 0.045141945, 3.0553630036, 0.049734692, 2.4981277223, 1.3587214273, -1000.0]
237.78853566 per loop.
[0.1530947977201947, 7.0, -1.0, 0.5385097074, 1.1300756253, 0.5390098625, 1.1062762943, 1.5789849602, -1000.0]
256.886302524 per loop.
[0.19129122901102472, 6.953125, 6.9544911766, 0.6155791904, 0.8989781134, 0.6158563694, 0.9173549244, 1.9097169403, -1000.0]
40.445859627857146 per loop.
[0.16816025286266328, 7.0, -1.0, 0.5035540235, 0.9159815041, 0.5055968726, 0.8719596127, 1.6302957198, -1000.0]
48.652642962166674 per loop.
[0.2920618582856605, 6.7069548828, -1.0, 0.6033269216, 0.5474290172, 0.6224104088, 0.7158319752, 3.6920517071, -1000.0]
49.035179685833334 per loop.
[0.03799535216784111, 7.0, -1.0, 0.1173075404, 2.2436436298, 0.1254218002, 4.9982537562, 1.0017558614, -1000.0]
50.28244173266666 per loop.
[0.2976093096064501, 6.6170347656, -1.0, 0.4771396596, 0.5624658611, 0.4795792183, 0.6175493885, 29.5017753473, -1000.0]
43.18920840171428 per loop.
[0.3311346687204261, 6.2742667735, 6.5277724063, 0.8734569441, 0.4707397305, 0.8758282478, 0.4114491116, 19.3746852372, -1000.0]
315.917352984 per loop.
[0.36692936406741367, 6.2898917735, 6.49787696, 0.6262464193, 0.2249146062, 0.6385731426, 0.3924695495, 6.3947794251, -1000.0]
158.533024345 per loop.
[0.9765618724509773, 2.1040536456, 2.1526433638, 0.1161525335, -0.6756779379, 0.1167115138, -0.5926776243, 7.78573947, -1000.0]
47.98862686814285 per loop.
[0.39129572650352945, 3.8065671468, 4.0753727553, 0.4382144089, 0.6800365742, 0.4464155, 0.507357081, 17.6151618324, -1000.0]
48.481842534571435 per loop.
[0.7839676232733807, 3.3748694809, 3.5832314245, 0.5601124696, -0.7147833499, 0.6322921812, 0.1530285593, 5.9827013411, -1000.0]
49.53741010814286 per loop.
[0.6432048321971962, 4.3874755714, 4.6238042414, 0.6232744411, 0.2053010263, 0.6341021958, 0.3608205247, 15.9763321355, -1000.0]
43.934535189 per loop.
[0.011729252481496638, 7.0, -1.0, 0.0148936702, 2.9950321439, 0.0159403293, 2.5391722983, 1.2201018109, -1000.0]
44.638602846125 per loop.
[0.24893090805161866, 6.6229323242, -1.0, 0.6125663292, 0.5674418634, 0.6318341109, 0.7426582458, 2.5510890258, -1000.0]
46.519872201375 per loop.
[0.8762137916052786, 3.2499395228, 3.404234569, 0.2099830351, 0.3453848569, 0.2854466889, 0.7247762212, 11.3813433795, -1000.0]
42.59536435855556 per loop.
[0.7085705431463425, 2.127034608, 2.1931901408, 0.2700922885, 0.3452351674, 0.2842370044, 0.0773079912, 7.0693648267, -1000.0]
49.161461404625 per loop.
[0.016750651415199748, 7.0, -1.0, 0.0287459482, 2.6795487076, 0.0288082953, 2.5918844573, 0.9762504279, -1000.0]
50.13504224475 per loop.
[0.4950283752119635, 6.0987636997, 6.3506005073, 0.7009103318, 0.2223074153, 0.7123336979, 0.3595305359, 33.5459826671, -1000.0]
199.89462094 per loop.
[0.4635874497761584, 4.5849279436, 4.8187361424, 0.3440855219, 0.0204274769, 0.3535812456, 0.2168547934, 6.5431391413, -1000.0]
46.727106022777775 per loop.
[0.19770338677789537, 6.984375, -1.0, 0.4768748671, 0.7369525174, 0.4785559451, 0.7779278554, 1.7607461519, -1000.0]
46.98662494188889 per loop.
[0.5843792545249656, 2.6946744864, 2.782946122, 0.1288471633, 0.3075553588, 0.1289279915, 0.2852796092, 5.7354115067, -1000.0]
42.4515496036 per loop.
[0.06065980878253248, 7.0, -1.0, 0.2661254294, 1.6721539637, 0.3090596584, 1.3662280623, 1.594030539, -1000.0]
47.73285243144445 per loop.
[0.2758443898786071, 6.7441024414, -1.0, 0.7065559604, 0.7653401911, 0.7447146314, 0.5795185918, 8.110066914, -1000.0]
142.56933051966666 per loop.
[0.8976856042433272, 2.9786982198, 3.1099429415, 0.8645745512, -0.1264486405, 0.8657293725, -0.1837921189, 12.5728279221, -1000.0]
49.49916030888889 per loop.
[0.21111910439231799, 6.8624246838, -1.0, 0.6904280116, 0.8222790711, 0.6976815024, 0.7373522256, 2.3376777569, -1000.0]
222.8556371415 per loop.
[0.02320427672280096, 7.0, -1.0, 0.0452831678, 2.6511730841, 0.0464868801, 2.977208035, 1.1471700983, -1000.0]
47.196823850499996 per loop.
[0.19029391226742584, 7.0, -1.0, 0.5944255697, 0.8494778102, 0.6072818474, 0.7404556246, 2.0782574947, -1000.0]
43.07625055881818 per loop.
[0.7693866466971672, 4.5158024403, 4.7448298881, 0.16919132, -0.0694676385, 0.1694238684, -0.1031753417, 1.6033412415, -1000.0]
47.3201034086 per loop.
[0.03409996447632295, 7.0, -1.0, 0.0983995845, 2.1037168128, 0.1016200077, 1.9201417791, 1.1554567072, -1000.0]
236.7509608085 per loop.
[0.17841984101287856, 6.96875, -1.0, 0.5429862608, 0.8999204556, 0.5524424567, 1.0115368198, 1.3066143815, -1000.0]
40.10135496033333 per loop.
[]
49.1277844734 per loop.
[0.2978027689547525, 6.8378524414, -1.0, 0.7863548478, 0.5166268966, 0.7866235676, 0.534487618, 5.3463543767, -1000.0]
45.68091263190909 per loop.
[0.8304829111498496, 2.9480879059, 3.0279460621, 0.799069009, 0.571988242, 0.843701123, 0.270698393, 11.7720362492, -1000.0]
50.0237091591 per loop.
[0.4523100713460073, 5.8401553144, 6.1225009437, 0.4611930541, 0.1671311217, 0.4746219396, 0.3161815114, 17.9757422042, -1000.0]
47.555006004272734 per loop.
[0.11048620323627863, 7.0, -1.0, 0.4586633192, 1.1339502058, 0.4661046669, 1.2402672801, 1.0648424837, -1000.0]
