500
10
1111110110 1.0
1011111010 1.0
1101001101 1.0
0001101011 1.0
1011001101 1.0
1001001011 1.0
1011001101 1.0
1001001001 1.0
1011011001 1.0
1011101000 1.0
0001101011 1.0
1101001101 1.0
1011111010 1.0
1011001100 1.0
1011110010 1.0
0100100011 1.0
1011111010 1.0
1111100100 1.0
1011011001 1.0
1101001101 1.0
1001001101 1.0
1101001101 1.0
1011001101 1.0
1001001111 1.0
1011111010 1.0
0001001011 1.0
1111011100 1.0
0000100011 1.0
1101001101 1.0
1011001100 1.0
1101001101 1.0
1111110100 1.0
1011001100 1.0
1011111010 1.0
1011111010 1.0
1011111010 1.0
1011001100 1.0
1111101101 1.0
1011101011 1.0
1111011100 1.0
1101001101 1.0
1011001101 1.0
1111001101 1.0
1011011101 1.0
1111011100 1.0
1011111010 1.0
1111011100 1.0
1101001101 1.0
1101001101 1.0
1011110010 1.0
1111110100 1.0
1011111110 1.0
1011101001 1.0
1011111010 1.0
0001001011 1.0
1011001101 1.0
1100100111 1.0
1011001101 1.0
1011111010 1.0
1011101010 1.0
1001001101 1.0
1011001101 1.0
1011111010 1.0
1011111010 1.0
1011111010 1.0
1011111110 1.0
1011111110 1.0
1011101010 1.0
1111011100 1.0
1011011100 1.0
1011101011 1.0
1111011100 1.0
1111001100 1.0
1101001101 1.0
0101001101 1.0
1111011100 1.0
1101001101 1.0
1111111110 1.0
1001001101 1.0
1111011100 1.0
1001001101 1.0
1011111010 1.0
1001001101 1.0
1111011100 1.0
1111001100 1.0
1011111010 1.0
1011100100 1.0
0011001001 1.0
1101001101 1.0
1011101100 1.0
1101001101 1.0
1111011100 1.0
1111110110 1.0
1111011100 1.0
0001001001 1.0
1011011100 1.0
1101001101 1.0
1001001101 1.0
1011110010 1.0
0001101011 1.0
1001101011 1.0
0001001011 1.0
1110110110 1.0
1011001100 1.0
1011011100 1.0
1111100100 1.0
1101001101 1.0
0001100011 1.0
1001001101 1.0
1011111010 1.0
1011111010 1.0
1011001100 1.0
1111101100 1.0
1011111010 1.0
1011110010 1.0
1011111010 1.0
1101001101 1.0
1011011000 1.0
1011011110 1.0
1001101011 1.0
1001001111 1.0
1111101100 1.0
1101001101 1.0
1011101111 1.0
1011001100 1.0
1011001100 1.0
0001101011 1.0
1011101011 1.0
1011010110 1.0
1101001101 1.0
1011011100 1.0
1001001101 1.0
0001001101 1.0
0010110010 1.0
1101001101 1.0
1011101100 1.0
1011110010 1.0
1111011100 1.0
1111111100 1.0
1010110010 1.0
1101001100 1.0
1011001100 1.0
0001001011 1.0
1110001101 1.0
1011011010 1.0
1011011100 1.0
1011111010 1.0
1111011100 1.0
1011111010 1.0
1111011100 1.0
1011001101 1.0
1110111110 1.0
1001001111 1.0
1111101101 1.0
1101001101 1.0
1010110010 1.0
1111101100 1.0
1101001101 1.0
1011001100 1.0
1001101111 1.0
1011110010 1.0
0001001101 1.0
1001101011 1.0
1011101001 1.0
1011011100 1.0
1011101100 1.0
1011001101 1.0
1011111010 1.0
1111011100 1.0
1001001001 1.0
1011110010 1.0
1001001101 1.0
1101001101 1.0
1011011101 1.0
1011111010 1.0
1001001111 1.0
1001001101 1.0
1011101110 1.0
1011011100 1.0
1111101100 1.0
1110100101 1.0
1101001101 1.0
1111011100 1.0
0011111010 1.0
1011111000 1.0
1011111010 1.0
1111110100 1.0
1011001101 1.0
1011001100 1.0
0101001101 1.0
0001001001 1.0
1111100100 1.0
1101001101 1.0
1110110110 1.0
1011001101 1.0
1011111010 1.0
0001101011 1.0
1011101110 1.0
1111110110 1.0
1111011100 1.0
1011011100 1.0
1111110100 1.0
1011001100 1.0
1111101101 1.0
1111101100 1.0
1111001100 1.0
1011111010 1.0
1111011100 1.0
1011001101 1.0
1111011100 1.0
1011111010 1.0
0001001001 1.0
1011011100 1.0
1001001101 1.0
1111111100 1.0
1011101110 1.0
1011110010 1.0
1011111011 1.0
1011011100 1.0
1001001101 1.0
1111010100 1.0
1001100011 1.0
1011110010 1.0
1011001100 1.0
0100101011 1.0
1111011100 1.0
1111110110 1.0
1111110100 1.0
1111011100 1.0
1110110010 1.0
1011011100 1.0
0011110010 1.0
1011100100 1.0
1011001100 1.0
1001001101 1.0
0001101011 1.0
1101001101 1.0
0001001001 1.0
1110110010 1.0
1001001101 1.0
0011110010 1.0
0100100011 1.0
1101001101 1.0
1011001100 1.0
1011101001 1.0
1011111000 1.0
1111011100 1.0
1101001101 1.0
1011001100 1.0
1001001101 1.0
0001101011 1.0
1011001101 1.0
1011001100 1.0
1011101100 1.0
1101001101 1.0
1101001101 1.0
1011001101 1.0
1011011100 1.0
1001001101 1.0
1110110110 1.0
0001101011 1.0
1101001101 1.0
1110110100 1.0
1110110011 1.0
1011001100 1.0
1011011100 1.0
1011111010 1.0
1011001101 1.0
1011011100 1.0
1001101011 1.0
1011101100 1.0
0001101011 1.0
1111001100 1.0
0011110010 1.0
1011110010 1.0
1011001101 1.0
1011111010 1.0
1111110100 1.0
1011111110 1.0
0001100011 1.0
1011101010 1.0
1011110010 1.0
1011110010 1.0
1101001101 1.0
1011001101 1.0
1001001101 1.0
1011011100 1.0
1111110100 1.0
1001001111 1.0
1111011100 1.0
1011110110 1.0
1011101100 1.0
1111011100 1.0
1011101100 1.0
1101001101 1.0
1011011110 1.0
1111011100 1.0
1101001101 1.0
1101001101 1.0
1011011100 1.0
1101101101 1.0
1011111011 1.0
1011001100 1.0
1001001101 1.0
1110110110 1.0
1111110100 1.0
1011101100 1.0
1011111010 1.0
1111011100 1.0
1011101100 1.0
1111101101 1.0
1011111010 1.0
1111010100 1.0
1111011100 1.0
1111001101 1.0
1001001101 1.0
1011111010 1.0
1011011110 1.0
0001101011 1.0
1011101001 1.0
1011001100 1.0
1111011100 1.0
0001100011 1.0
1111110100 1.0
1011011100 1.0
1011011100 1.0
0001001001 1.0
1001001111 1.0
1011011110 1.0
1111100100 1.0
0101001100 1.0
1111101100 1.0
1111011100 1.0
1011101100 1.0
1011011100 1.0
1011001100 1.0
1011111010 1.0
0001100011 1.0
0001001001 1.0
1011101010 1.0
0010110010 1.0
1011001100 1.0
1011001001 1.0
1011001100 1.0
1001001101 1.0
0001001001 1.0
1001001001 1.0
1011111010 1.0
1111110110 1.0
1111111100 1.0
1011100110 1.0
1001001101 1.0
1011111011 1.0
1011101111 1.0
1111111100 1.0
0001101011 1.0
1110110100 1.0
1011001101 1.0
1011001100 1.0
1101000101 1.0
1011001100 1.0
1101001101 1.0
1011110010 1.0
1011101001 1.0
1011111000 1.0
1011001101 1.0
1101001101 1.0
1011101000 1.0
1011011100 1.0
1111011100 1.0
1111011101 1.0
0001101011 1.0
1011001100 1.0
1011011100 1.0
1111001101 1.0
1111111100 1.0
1111110110 1.0
1111011100 1.0
1011001101 1.0
1111111100 1.0
1011001100 1.0
0110110010 1.0
1111101101 1.0
1011001100 1.0
1101001101 1.0
0001101011 1.0
1101001101 1.0
1111011100 1.0
1011001101 1.0
1011011100 1.0
1011011100 1.0
1101001101 1.0
1011001100 1.0
1001001101 1.0
1011101011 1.0
1011001101 1.0
1111011100 1.0
1011001100 1.0
1011110010 1.0
1111101100 1.0
1011111011 1.0
1111011100 1.0
1111101100 1.0
1101001101 1.0
1101001101 1.0
1111110110 1.0
1111111100 1.0
1011101011 1.0
0011100010 1.0
1011001101 1.0
1001001101 1.0
1011101001 1.0
1001001101 1.0
1011111010 1.0
1011011100 1.0
1111011100 1.0
1111110110 1.0
1011110110 1.0
1011001101 1.0
1011111010 1.0
1111011100 1.0
1011100011 1.0
1011111000 1.0
1011001101 1.0
1011101100 1.0
1011011110 1.0
1011001100 1.0
1011110010 1.0
1011001111 1.0
1011011100 1.0
1011110010 1.0
1101001101 1.0
1011011100 1.0
1111011101 1.0
1111011100 1.0
0001101011 1.0
1011001100 1.0
1011101011 1.0
0101101101 1.0
1011011100 1.0
1101001101 1.0
1101001101 1.0
1011111010 1.0
1101001101 1.0
1001101011 1.0
1011011100 1.0
1101001101 1.0
1111011100 1.0
1011110110 1.0
1011001101 1.0
0001100011 1.0
1101001101 1.0
0001001001 1.0
1011011100 1.0
1011110010 1.0
1111011100 1.0
0100100011 1.0
1011100011 1.0
0001001101 1.0
1011011100 1.0
1011111010 1.0
1011001101 1.0
1001101011 1.0
1001001001 1.0
1011111010 1.0
1101001101 1.0
1101001101 1.0
1111101101 1.0
0000100011 1.0
1011111110 1.0
1011111010 1.0
1011111010 1.0
1111110100 1.0
0001001001 1.0
1101001101 1.0
1111001101 1.0
1011110010 1.0
1011011100 1.0
1110110110 1.0
0100100111 1.0
1011101011 1.0
1011110010 1.0
1101001101 1.0
0100100011 1.0
1011001100 1.0
1011100110 1.0
1011111010 1.0
1111011100 1.0
1011111010 1.0
1001001101 1.0
1111111100 1.0
1111011100 1.0
1011110010 1.0
1111011100 1.0
1011110110 1.0
1111011101 1.0
1111011100 1.0
1111110110 1.0
1111011100 1.0
0001101001 1.0
