[0.0, NaN]
[0.8125, NaN]
[-0.0625, NaN]
[0.3125, NaN]
[-0.375, NaN]
[-0.3125, NaN]
[0.375, NaN]
[0.5, NaN]
[-0.1875, NaN]
[0.0625, NaN]
[-0.5, NaN]
[0.125, NaN]
[0.25, NaN]
[-0.25, NaN]
[-0.4375, NaN]
[-0.125, NaN]
[0.875, NaN]
[0.75, NaN]
[0.6875, NaN]
[0.9375, NaN]
[0.1875, NaN]
[0.5625, NaN]
[0.625, NaN]
[0.4375, NaN]
[1.625, NaN]
[1.3125, NaN]
[1.75, NaN]
[1.5625, NaN]
[1.4375, NaN]
[1.5, NaN]
[1.8125, NaN]
[1.0625, NaN]
[1.6875, NaN]
[1.1875, NaN]
[1.125, NaN]
[1.9375, NaN]
[1.875, NaN]
[1.25, NaN]
[1.0, NaN]
[1.375, NaN]
